/*--------------------------------*- C++ -*----------------------------------*\
| =========                 |                                                 |
| \\      /  F ield         | OpenFOAM: The Open Source CFD Toolbox           |
|  \\    /   O peration     | Version:  2406                                  |
|   \\  /    A nd           | Website:  www.openfoam.com                      |
|    \\/     M anipulation  |                                                 |
\*---------------------------------------------------------------------------*/
FoamFile
{
    version     2.0;
    format      binary;
    arch        "LSB;label=32;scalar=64";
    class       faceSet;
    location    "constant/polyMesh/sets";
    object      wrongFaces;
}
// * * * * * * * * * * * * * * * * * * * * * * * * * * * * * * * * * * * * * //


6183
(
57357
57358
57359
57360
57361
57362
57363
57364
57365
57366
57367
57368
57369
57370
57371
57372
57373
57374
57375
57376
57377
57387
57388
57389
57390
57391
57392
57393
57394
57395
57564
57565
57566
57567
57568
57569
57570
57571
57572
57573
57574
57575
57576
57577
57578
57579
57580
57581
57582
57583
57584
59793
59794
59795
59796
59797
59798
59799
59800
59801
59802
59803
59804
59805
59806
59807
59808
59809
59810
59811
59812
59813
59814
59815
59816
59817
59818
59819
59820
59821
59822
59823
59824
59825
59826
59827
59828
59829
59830
59831
59832
59833
59834
59835
59836
59837
59838
59839
59840
59841
59842
59843
59844
59845
59846
59847
59848
59849
59850
59851
59852
59853
59854
59855
59856
59857
59858
59859
59860
59861
59862
59863
59864
59865
59866
59867
59868
59869
59870
59871
59872
59873
59874
59875
59876
59877
59878
59879
59880
59881
59882
59883
59884
59885
59886
59887
59888
59889
59890
59891
59892
59893
59894
59895
59896
59897
59898
59899
59900
59901
59902
59903
59904
59905
59906
59907
59908
59909
59910
59911
59912
59913
59914
59915
59916
59917
59918
59919
59920
59921
59922
59923
59924
59925
59926
59927
59928
59929
59930
59931
59932
59933
59934
59935
59936
59937
59938
59939
59940
59941
59942
59943
59944
59945
59946
59947
59948
59949
59950
59951
59952
59953
59954
59955
59956
59957
59958
59959
59960
59961
59962
59963
59964
59965
59966
59967
59968
59969
59970
59971
59972
59973
59974
59975
59976
59977
59978
59979
59980
59981
59982
59983
59984
59985
59986
59987
59988
59989
59990
59991
59992
59993
59994
59995
59996
59997
59998
59999
60000
60001
60002
60003
60004
60005
51813
60006
51814
60007
51815
60008
51816
60009
60010
60011
60012
51820
60013
51821
60014
51822
60015
51823
60016
51824
60017
51825
60018
51826
60019
60020
60021
60022
60023
60024
60025
60026
60027
51835
60028
51836
60029
51837
60030
51838
60031
60032
60033
51841
60034
51842
60035
51843
60036
51844
60037
60038
51846
60039
51847
60040
51848
60041
60042
51850
60043
51851
60044
51852
60045
51853
60046
51854
60047
51855
60048
51856
60049
51857
60050
51858
60051
51859
60052
51860
60053
60054
60055
60056
51864
60057
51865
60058
51866
60059
51867
60060
51875
51876
51877
51878
51879
51880
51881
51882
51883
51884
51885
51887
51888
51889
51891
51892
51893
51894
51895
51896
51897
51898
51903
51904
51905
51909
51910
51911
51921
51922
51923
51925
51926
51927
51932
51933
51934
51935
51936
51937
51938
51940
51941
51942
51943
51951
51952
51953
51954
51955
51956
51957
51959
51960
51961
51963
51964
51965
51966
51967
51968
51969
51972
51973
51974
51975
51983
51984
51985
51986
51989
51990
51991
51992
51995
51996
51997
51998
51999
52000
52001
52002
52003
52004
52018
52019
52020
52021
52023
52024
52025
52026
52028
52029
52030
52031
52032
52033
52034
52351
52352
52353
52358
52359
52360
52364
52365
52366
52390
52391
52392
52393
52394
52395
52396
52397
52398
52399
52400
52401
52402
52403
52404
52405
52406
52407
52408
52409
52410
52411
52412
52413
52414
52415
52416
52417
52418
52419
52420
52421
52422
52423
52424
52425
52426
52427
52428
52429
52430
52431
52432
52433
52434
52435
52436
52437
52438
52439
52440
52441
52442
52443
52444
52445
52446
52447
52448
52449
52450
52451
52452
52453
52454
52455
52456
52457
52458
52459
52460
52461
52462
52463
52464
52465
52466
52467
52468
52469
52470
52471
52472
52473
52474
52475
52476
52477
52478
52479
52480
52481
52482
52483
52484
52485
52486
52487
52488
52489
52490
52491
52492
52493
52494
52495
52496
52497
52498
52499
52500
52501
52502
52503
52504
52505
52506
52507
52508
52509
52510
52511
52512
52513
52514
52515
52516
52517
52518
52519
52520
52521
52522
52523
52524
52525
52526
52527
52528
52529
52530
52531
52532
52533
52534
52535
52536
52537
52538
52539
52540
52541
52542
52543
52544
52545
52546
52547
52548
52549
52550
52551
52552
52553
52554
52555
52556
52557
52558
52559
52560
52561
52562
52563
52564
52565
52566
52567
52568
52569
52570
52571
52572
52573
52574
52575
52576
52577
52578
52579
52580
52581
52582
52583
52584
52585
52586
52587
52588
52589
52590
52591
52592
60785
52593
60786
52594
60787
52595
60788
52596
60789
52597
60790
52598
60791
52599
60792
52600
60793
52601
60794
52602
60795
52603
60796
52604
52605
52606
52607
52608
52609
52610
52611
52612
52613
52614
52615
52616
52617
52618
52619
52620
52621
52622
52623
52624
52625
52626
52627
52628
60821
52629
60822
52630
52631
52632
52633
52634
52635
60828
52636
60829
52637
52638
52639
52640
52641
60834
52642
52643
52644
60837
52645
60838
52646
52647
60840
52648
60841
52649
60842
52650
52651
60844
52652
60845
52653
60846
52654
52655
52656
60849
52657
60850
52658
52659
60852
52660
52661
52662
52663
52664
52665
52666
52667
60860
52668
60861
52669
52670
52671
52672
52673
52674
52675
52676
52677
52678
60871
52679
52680
52681
60874
52682
52683
52684
52685
52686
60879
52687
60880
52688
60881
52689
60882
52690
60883
52691
60884
52692
60885
52693
60886
52694
60887
52695
60888
52696
60889
52697
60890
52698
52699
52700
52701
52702
52703
52704
52705
52706
52707
52708
52709
52710
60903
52711
60904
52712
60905
52713
60906
52714
60907
52715
60908
52716
60909
52717
60910
52718
60911
52719
60912
52720
60913
52721
60914
52722
60915
52723
60916
52724
60917
52725
52726
52727
52728
52729
60922
52730
60923
52731
60924
52732
60925
52733
60926
52734
60927
52735
60928
52736
60929
52737
60930
52738
60931
52739
60932
52740
60933
52741
60934
52742
60935
52743
60936
52744
60937
52745
60938
52746
60939
52747
60940
52748
60941
52749
52750
60943
60946
60947
60948
60949
60950
60951
60952
60953
60954
60955
60956
60957
60958
60959
60960
60961
60962
60963
60964
60965
60966
60967
60968
60969
60970
60971
60972
60975
60976
60977
60978
60979
60981
60982
60983
60984
60985
60986
60987
60988
60993
60994
60995
60996
60999
61000
61001
61002
61003
61004
61005
61006
61007
61008
61009
61010
61011
61012
61013
61014
61015
61016
61017
61018
61019
61020
61021
61022
61023
61024
61025
61026
61027
61028
61029
61030
61031
61032
61033
61034
61035
61036
61037
61038
61039
61040
61041
61042
61043
52851
61044
52852
61045
52853
61046
52854
61047
52855
61048
52856
61049
52857
61050
52858
52859
52860
52861
52862
52863
52864
52865
52866
52867
52868
52869
52870
52871
52872
52873
52874
52875
52876
52877
52878
52879
52880
52881
52882
52883
52884
52885
52886
52887
52888
52889
52890
52891
52892
52893
52894
52895
52896
52897
52898
52899
52900
52901
52902
52903
61096
52904
61097
52905
61098
52906
61099
52907
52908
52909
52910
52911
61104
52912
61105
52913
61106
52914
61107
52915
61108
52916
61109
52917
61110
52918
61111
52919
61112
52920
61113
52921
61114
52922
61115
52923
61116
52924
61117
52925
61118
52926
61119
52927
61120
52928
61121
52929
61122
52930
61123
52931
61124
52932
52933
61132
61133
61134
61135
61136
61137
61138
61139
61140
61141
61142
61143
61144
61145
61146
61147
61148
61149
61150
61151
61152
61153
61154
61155
61156
61157
61158
61159
61160
61161
52970
52971
52972
52973
61178
61179
52987
61180
52988
61181
52989
61182
52990
61183
52991
61184
52992
61185
52993
61186
52994
61187
52995
61188
52996
61189
61190
52998
61191
52999
61192
53000
61193
53001
61194
53002
61195
53003
53004
53005
53006
53007
61200
53008
61201
53009
61202
53010
61203
53011
61204
53012
61205
53013
61206
53014
61207
53015
61208
53016
61209
53017
61210
53018
61211
53019
61212
53020
61213
53021
61214
53022
61215
53023
61216
53024
61217
53025
53026
53027
53028
61221
53029
61222
53030
61223
53031
61224
53032
61225
53033
61226
53034
61227
53035
61228
61229
53040
53041
53042
61235
61240
61241
61242
61243
61244
61245
61246
53054
61247
53055
53056
53058
53059
53060
61254
61255
61256
61257
61258
61259
61260
61263
61264
61265
61266
61267
61268
61269
61270
53078
61271
53079
61272
53080
61273
61274
61275
61276
61277
61278
61279
61280
53088
61281
61282
53090
61283
53091
61284
53092
61285
61286
61287
61288
61289
61290
61291
61292
61293
53101
61294
53102
61295
53103
61296
53104
61297
53105
61298
53106
61299
53107
61300
61301
61302
61303
53111
61304
53112
61305
53113
61306
53114
61307
61308
53116
61309
53117
61310
53118
61311
53119
53120
53121
53122
53123
61316
53124
61317
53125
61318
53126
61319
53127
61320
53128
61321
53129
61322
53130
61323
53131
61324
53132
61325
53133
61326
53134
61327
53135
61328
53136
61329
53137
61330
53138
61331
53139
61332
53140
61333
53141
61334
53142
61335
53143
61336
53144
61337
53145
61338
53146
61339
53147
61340
53148
61341
53149
61342
53150
61343
53151
61344
53152
61345
53153
61346
53154
61347
53155
61348
53156
61349
53157
61350
53158
61351
53159
61352
53160
61353
53161
61354
53162
61355
53163
61356
53164
61357
53165
61358
53166
61359
53167
61360
53168
61361
53169
61362
53170
61363
53171
61364
53172
61365
53173
61366
53174
61367
53175
61368
53176
61369
53177
61370
53178
61371
53179
61372
53180
61373
53181
61374
53182
61375
53183
61376
53184
61377
53185
61378
53186
61379
53187
61380
53188
61381
53189
61382
53190
53191
53192
53193
53194
53195
53196
53197
53198
53199
53200
53201
53202
53203
53204
53205
53206
53207
53208
53209
53210
53211
53212
53213
53214
53215
53216
53217
53218
53219
53220
53221
53222
53223
53224
53225
53226
53227
53228
53229
53230
53231
53232
53233
53234
53235
53236
53237
53238
53239
53240
53241
53242
53243
53244
53245
53246
53259
53260
53261
53264
53265
53266
53290
53291
53292
53296
53299
53300
61493
53301
61494
61495
61496
61497
61498
61499
61500
61501
53310
53311
53312
53313
53314
53315
53316
53317
61511
61512
53320
61513
53321
61514
53322
61515
53323
61516
53326
53327
53328
53329
53330
53331
53332
53333
53334
53335
53336
53337
53338
53339
53340
53341
53342
53343
53344
53345
53346
53347
53348
53349
53350
53351
53352
53353
53354
53355
53356
53357
53358
53359
53360
53361
53362
53363
53364
53365
53366
53367
53368
53369
53370
53371
53372
53373
53374
53375
53376
53377
53378
53379
53380
53381
53382
53383
53384
53385
53386
53387
53388
53389
53390
53391
53392
53393
53394
53395
53396
53397
53398
53399
53400
53401
53402
53403
53404
53405
53406
53407
53408
53409
53410
53411
53412
53413
53414
53415
53416
53417
53418
53419
53420
53421
53422
53423
53424
53425
53426
53427
53428
53429
53430
53431
53432
53433
53434
53435
53436
53437
53454
53455
53456
53457
53458
53459
53460
53461
53462
53463
53464
53465
53466
53467
53468
53469
53470
53471
53472
53473
53474
53475
53487
53488
53489
53491
53492
53493
53494
53499
53500
53501
53502
53503
53504
53505
53506
53507
53508
53509
53510
53511
53512
53513
53514
53515
53516
53517
53518
53519
53520
53521
53522
53523
53524
53525
53526
53527
53528
53529
53530
53531
53532
53533
53534
53535
53536
53537
53538
53539
53540
53541
53542
53543
53544
53545
53546
53547
53548
53549
53550
53551
53552
53553
53554
53555
53556
53557
53558
53559
53560
53561
53562
53563
53564
53565
53566
53567
53568
53569
53570
53571
53572
53573
53574
53575
53576
53577
53578
53579
53580
53581
53582
53583
53584
53585
53586
53587
53588
53589
53590
53591
53592
53593
53594
53595
53596
53597
53598
53599
53600
53601
53602
53603
53604
53605
53606
53607
53608
53609
53610
53611
53612
53613
53614
53615
53616
53617
53618
53619
53620
53621
53622
53623
53624
53625
53626
53627
53628
53629
53630
53631
53632
53633
53634
53635
53636
53637
53638
53639
53640
53641
53642
53643
53644
53645
53646
53647
53648
53649
53650
53651
53652
53653
53654
53655
53656
53657
53658
53659
53660
53661
53662
53663
53664
53665
53666
53667
53668
53669
53670
53671
53672
53673
53674
53675
53676
53677
53678
53679
53680
53681
53682
53683
53684
53685
53686
53687
53688
53689
53690
53691
53692
53693
53694
53695
53696
53697
53698
53699
53700
53701
53702
53703
53704
53705
53706
53707
53708
53709
53710
53711
53712
53713
53714
53715
53716
53717
53718
53719
53720
53721
53722
53723
53724
53725
53726
53727
53728
53729
53730
53731
53732
53733
53734
53735
53736
53737
53738
53739
53740
53741
53742
53743
53744
53745
53746
53747
53748
53749
53750
53751
53752
53753
53754
53755
53756
53757
53758
53759
53760
53761
53762
53763
53764
53765
53766
53767
53768
53769
53770
53771
53772
53773
53774
53775
53776
53777
53778
53779
53780
53781
53782
53783
53784
53785
53786
53787
53788
53789
53790
53791
53792
53793
53794
53795
53796
53797
53798
53799
53800
53801
53802
53803
53804
53805
53806
53807
53808
53809
53810
53811
53812
53813
53814
53815
53816
53817
53818
53819
53820
53821
53822
53823
53824
53825
53826
53827
53828
53829
53830
53831
53832
53833
53834
53835
53836
53837
53838
53839
53840
53841
53842
53843
53844
53845
53846
53847
53848
53849
53850
53851
53852
53853
53854
53855
53856
53857
53858
53859
53860
53861
53862
53863
53864
53865
53866
53867
53868
53869
53870
53871
53872
53873
53874
53875
53876
53877
53878
53879
53880
53881
53882
53883
53884
53885
53886
53887
53888
53889
53890
53891
53892
53893
53894
53895
53896
53897
53898
53899
53900
53901
53902
53903
53904
53905
53906
53907
53908
53909
53910
53911
53912
53913
53914
53915
53916
53917
53918
53919
53920
53921
53922
53938
53939
53940
53941
53942
53943
53944
53945
53946
53947
53948
53949
53950
53951
53952
53953
53954
53955
53970
53971
53972
53974
53975
53976
53977
53978
53979
53997
53998
53999
54000
54001
54002
54003
54004
54005
54006
54010
54011
54012
54013
54014
54015
54016
54017
54018
54019
54020
54021
54022
54023
54024
54025
54026
54027
54028
54029
54030
54031
54032
54033
54034
54035
54036
54037
54038
54039
54040
54041
54042
54043
54044
54045
54046
54047
54048
54049
54050
54051
54052
54053
54054
54055
54056
54057
54058
54059
54060
54061
54062
54063
54064
54065
54066
54067
54068
54069
54070
54071
54072
54073
54074
54075
54076
54077
54078
54079
54080
54081
54082
54083
54084
54085
54086
54087
54088
54089
54090
54091
54092
54093
54094
54095
54096
54097
54098
54099
54100
54101
54102
54103
54104
54105
54106
54107
54108
54109
54110
54111
54112
54113
54114
54115
54116
54117
54118
54119
54120
54121
54122
54123
54124
54125
54126
54127
54128
54129
54130
54131
54132
54133
54134
54135
54136
54137
54138
54139
54140
54141
54142
54143
54144
54145
54146
54147
54148
54149
54150
54151
54152
54153
54154
54155
54156
54157
54158
54159
54160
54161
54162
54163
54164
54165
54166
54167
54168
54169
54170
54171
54172
54173
54174
54175
54176
54177
54178
54179
54180
54181
54182
54183
54184
54185
54186
54187
54188
54189
54190
54191
54192
54193
54194
62387
54195
62388
54196
62389
54197
62390
54198
62391
54199
62392
54200
62393
54201
62394
54202
62395
54203
62396
54204
62397
54205
62398
54206
54207
54208
62401
54209
62402
54210
62403
54211
62404
54212
54213
54214
62407
54215
62408
54216
62409
54217
62410
54218
62411
54219
62412
54220
62413
54221
62414
54222
62415
54223
62416
54224
62417
54225
62418
54226
62419
54227
62420
54228
62421
54229
62422
54230
62423
54231
62424
54232
62425
54233
62426
54234
62427
54235
62428
54236
62429
54237
62430
54238
62431
54239
62432
54240
62433
54241
62434
54242
62435
54243
62436
54244
62437
54245
62438
54246
62439
54247
62440
54248
62441
54249
62442
54250
62443
54251
62444
54252
62445
54253
62446
54254
62447
54255
62448
54256
62449
54257
62450
54258
62451
54259
62452
54260
62453
54261
62454
54262
62455
54263
62456
54264
62457
54265
62458
54266
62459
54267
62460
54268
62461
54269
62462
54270
62463
54271
62464
54272
62465
54273
62466
54274
62467
54275
62468
54276
62469
54277
62470
54278
62471
54279
62472
54280
62473
54281
62474
54282
62475
54283
62476
54284
62477
54285
62478
54286
62479
54287
62480
54288
62481
54289
62482
54290
62483
54291
62484
54292
62485
54293
62486
54294
62487
54295
62488
54296
62489
54297
62490
54298
62491
54299
62492
54300
62493
54301
62494
54302
62495
54303
62496
54304
62497
54305
62498
54306
62499
54307
62500
54308
62501
54309
62502
54310
62503
54311
62504
54312
54313
54314
54315
54316
54317
54318
54319
54320
54321
54322
54323
54324
62517
54325
62518
54326
62519
54327
62520
54328
62521
54329
62522
54330
62523
54331
62524
54332
62525
54333
62526
54334
62527
54335
62528
54336
62529
54337
62530
54338
62531
54339
62532
54340
62533
54341
62534
54342
62535
54343
62536
54344
62537
54345
62538
54346
62539
54347
62540
54348
62541
54349
62542
54350
62543
54351
62544
54352
62545
54353
62546
54354
62547
54355
62548
54356
62549
54357
62550
54358
62551
54359
62552
54360
62553
54361
62554
54362
62555
54363
62556
54364
62557
54365
62558
54366
62559
54367
62560
54368
62561
54369
62562
54370
62563
54371
62564
54372
62565
54373
62566
54374
62567
54375
62568
54376
62569
54377
62570
54378
62571
54379
37995
62572
54380
37996
62573
54381
37997
62574
54382
37998
62575
54383
37999
62576
54384
38000
62577
54385
38001
62578
54386
38002
62579
54387
38003
62580
54388
38004
62581
54389
38005
62582
54390
38006
62583
54391
38007
62584
54392
38008
62585
54393
38009
62586
54394
38010
62587
54395
38011
62588
54396
38012
62589
54397
38013
62590
54398
38014
62591
54399
38015
62592
54400
38016
62593
54401
38017
62594
54402
38018
62595
54403
38019
62596
54404
38020
62597
54405
38021
62598
54406
38022
62599
54407
38023
62600
54408
38024
62601
54409
38025
62602
54410
38026
62603
54411
38027
62604
54412
38028
62605
54413
38029
62606
54414
38030
62607
54415
38031
62608
54416
38032
62609
54417
38033
62610
54418
38034
62611
54419
38035
62612
54420
38036
62613
54421
38037
62614
54422
38038
62615
54423
38039
62616
54424
62617
54425
62618
54426
62619
54427
62620
54428
62621
54429
62622
54430
62623
54431
62624
54432
62625
54433
62626
54434
62627
54435
62628
54436
54437
54438
54439
54440
62633
54441
62634
54442
62635
54443
62636
54444
54445
54446
54447
54448
54449
54450
54451
54452
54453
54454
54455
54456
54457
54458
62651
54459
62652
54460
62653
54461
62654
54462
62655
54463
62656
54464
62657
54465
62658
54466
62659
54467
62660
54468
62661
54469
62662
54470
62663
54471
62664
54472
62665
54473
62666
54474
62667
54475
62668
54476
62669
54477
62670
54478
62671
54479
62672
54480
54481
62674
54482
62675
54483
62676
54484
62677
54485
54486
54487
54488
54489
54490
54491
54492
54493
54494
54495
54496
54497
54498
54499
62692
54500
62693
54501
62694
54502
62695
54503
62696
54504
62697
54505
62698
54506
62699
54507
62700
54508
62701
54509
62702
54510
62703
54511
62704
54512
62705
54513
62706
54514
62707
54515
62708
54516
62709
54517
62710
54518
62711
54519
62712
54520
62713
54521
62714
54522
62715
54523
62716
54524
62717
54525
62718
54526
62719
54527
62720
54528
62721
54529
62722
54530
62723
54531
62724
54532
62725
54533
62726
54534
62727
54535
54536
54537
54538
62731
54539
62732
54540
62733
54541
54542
54543
54544
54545
54546
54547
54548
54549
54550
54551
54552
54553
54554
54555
54556
54557
54558
54559
54560
54561
54562
54563
54564
54565
54566
54567
54568
54569
54570
54571
54572
54573
54574
54575
54576
54577
54578
54579
54580
54581
54582
54583
54584
54585
54586
54587
38203
54588
38204
54589
38205
54590
38206
54591
38207
54592
38208
54593
38209
54594
38210
54595
38211
54596
38212
54597
38213
62790
54598
38214
62791
54599
38215
62792
54600
38216
62793
54601
38217
62794
54602
38218
62795
54603
38219
62796
54604
38220
62797
54605
38221
62798
54606
38222
62799
54607
38223
62800
54608
38224
62801
54609
38225
62802
54610
38226
62803
54611
38227
54612
38228
54613
38229
54614
38230
54615
38231
54616
38232
54617
38233
54618
38234
54619
38235
54620
38236
54621
38237
54622
38238
54623
38239
54624
38240
54625
38241
54626
38242
54627
54628
54629
54630
54631
54632
54633
54634
54635
54636
54637
54638
54639
54640
54641
54642
54643
54644
54645
38261
54646
38262
54647
38263
54648
38264
54649
38265
54650
54651
54652
54653
54654
38270
54655
38271
54656
38272
54657
38273
54658
38274
54659
38275
54660
38276
54661
54662
54663
54664
38280
54665
38281
54666
38282
54667
38283
54668
54669
38285
54670
38286
54671
38287
54672
38288
54673
38289
54674
38290
54675
38291
54676
38292
54677
38293
54678
38294
54679
38295
54680
38296
54681
38297
54682
38298
54683
38299
54684
38300
54685
38301
54686
38302
54687
54688
38304
54689
54690
38306
54691
38307
54692
38308
54693
38309
54694
54695
38311
54696
38312
54697
38313
54698
38314
54699
38315
54700
38316
54701
38317
54702
54703
54704
54705
54706
54707
54708
54709
54710
54711
54712
54713
54714
54715
54716
54717
54718
54719
54720
54721
54722
54723
54724
54725
54726
54727
54728
54729
54730
54731
54732
54733
54734
54735
54736
54737
54738
54739
54740
54741
54742
54743
54744
54745
54746
54747
54748
54749
54750
54751
54752
54753
54754
54755
54756
54757
54758
54759
54760
54761
54762
54763
54764
54765
54766
54767
54768
54769
54770
54771
54772
54773
54774
54775
54776
54777
54778
54779
54780
54781
54782
54783
54784
54785
54786
54787
54788
54789
54790
54791
54792
54793
54794
54795
54796
54797
54798
54799
54800
54801
54802
54803
54804
54805
54806
54807
54808
54809
54810
54811
54812
54813
54814
54815
54816
54817
54818
54819
54820
54821
54822
54823
54824
54825
54826
54827
38443
54828
38444
54829
38445
54830
38446
54831
54832
38448
54833
38449
54834
38450
54835
54836
54837
38453
54838
54839
54840
38456
54841
38457
54842
38458
54843
54844
38460
54845
54846
38462
54847
38463
54848
38464
54849
54850
38466
54851
54852
54853
38469
54854
38470
54855
38471
54856
54857
54858
54859
54860
54861
54862
54863
54864
54865
54866
54867
54868
54869
54870
54871
54872
54873
54874
54875
54876
54877
54878
63071
54879
54880
54881
54882
63075
54883
54884
54885
54886
54887
63080
54888
63081
54889
54890
54891
54892
54893
54894
63087
54895
54896
54897
54898
54899
54900
54901
54902
54903
54904
54905
54906
54907
54908
54909
54910
54911
38625
38626
55011
38627
55012
38628
55013
38629
55014
38630
38631
38632
38633
38634
55019
38635
55020
38636
55021
38637
38638
38639
38640
38641
38642
38643
38644
38645
38646
38647
38648
38649
38650
38651
38652
38653
38654
38655
38656
38657
38658
38659
38660
38661
38662
38663
38664
38665
38666
38667
38668
38669
38672
38673
38674
38675
38676
38678
38679
38680
38681
38682
38683
38684
38685
38700
38701
38702
38703
38704
55093
55094
55095
38727
38728
38729
38733
38734
38735
38736
38737
38738
38742
38743
38744
38753
38754
38755
38757
38758
38759
55146
38762
55147
55148
38764
38765
38766
55153
38769
55154
38770
55155
38771
55156
38772
38773
38774
38775
55160
55161
38777
55162
38778
38779
38780
38781
38782
38783
38784
38785
38786
38787
38788
38793
38794
38795
38796
38797
38798
38799
38800
38801
38802
38803
38804
38805
38806
38807
38808
38809
38810
38811
38812
38813
38814
38815
38816
38817
38818
38819
38820
38821
38822
38823
38824
55209
38825
55210
38826
55211
38827
55212
38833
38834
38835
38836
55233
55234
55235
38859
38860
38861
38864
38866
38867
38868
38874
38875
38876
38877
38878
38879
38880
38881
38882
38883
38884
38885
38886
38887
38888
38889
38890
38891
38892
38893
38894
38895
38896
38897
38898
38899
38900
38901
38902
38903
38904
38905
38906
38907
38908
38909
38910
38911
38912
38913
38914
38915
38916
38917
38918
38919
38920
38921
38922
38923
38924
38925
38926
38927
38928
38929
38930
38931
38932
38933
38934
38935
38936
38937
38959
38960
38961
38962
38963
38964
38965
38966
38967
38968
38969
38975
38976
38977
38999
39000
39001
39002
39003
39004
39016
39017
39018
39019
39020
39021
39022
39023
39024
39025
39026
39027
39028
39029
39030
39031
39032
39033
39034
39035
39036
39037
39038
39039
39040
39041
39042
39043
39044
39045
39046
39047
39048
39049
39050
39051
39052
39053
39054
39055
39056
39057
39058
39059
39060
39061
39062
39063
39064
39065
39066
39067
39068
39069
39070
39071
39072
39073
39074
39075
39076
39077
39078
39079
39080
39081
39082
39083
39084
39085
39086
39087
39088
39089
39090
39091
39092
39093
39094
39095
63673
63674
63675
63676
39100
63677
39101
63678
39102
39103
39104
39105
39106
39107
39108
39109
39110
39111
39112
39113
39114
39115
39116
39117
39118
39119
39120
39121
39122
39123
39124
39125
39126
39127
39128
39129
39130
39131
39132
39133
39134
39135
39136
39137
39138
39139
39140
39141
39142
39143
39144
39145
39146
39147
39148
39149
39150
39151
39152
39153
39154
39155
39156
39157
39158
39159
39160
39161
39162
39163
39164
39165
39166
39167
39168
39169
39170
39171
39172
39173
63750
39174
39175
39176
39177
39179
39180
39181
39182
39185
39186
39187
39188
39189
39190
39191
39192
39193
39194
39195
39196
39197
39198
39199
39200
39201
39202
39203
39204
39205
39206
39207
39208
39209
39210
39211
39212
39213
39214
39215
39216
39217
39218
39219
39220
39221
39222
63801
63802
63803
63804
63805
63806
39232
39233
39234
39235
39236
39239
39240
39241
39242
39247
39248
63825
39249
63826
39250
63827
39271
39272
39273
39274
39275
39276
39277
39280
39281
63858
39282
63859
39283
63860
39284
39285
39286
39287
39328
39329
39330
39331
39332
39333
39334
39335
39336
39337
39338
39339
39340
39341
39342
39343
39344
39345
39346
39347
39348
39349
39350
39351
39352
39353
39354
39355
39356
39357
39358
39359
39360
39361
39362
39363
39364
39365
39366
39367
39368
39369
39370
39371
39372
39373
39374
39375
39376
39377
39378
39379
39380
39381
39382
39383
39384
39385
39386
39387
39388
39389
39390
39391
39392
39393
39394
39395
39396
39397
39398
39399
39400
39401
39402
39403
39404
39405
39406
39407
39408
39409
39410
39411
39412
39413
39414
39415
39416
39417
39418
39419
39420
39421
39422
39423
39424
39425
39426
39427
39428
39429
39430
39431
39432
39433
39434
39435
39436
39437
39438
39439
39440
39443
39444
39445
39446
39451
39452
39453
39454
39456
39457
39458
39459
39461
39462
39463
39464
39468
39469
39470
39471
39473
39474
39475
39476
39477
39478
39479
39480
39481
39482
39483
39484
39485
39486
39487
39488
39489
39490
39491
39492
39493
39494
39495
39496
39497
39498
39499
39500
39501
39502
39503
39504
39505
39506
39507
39508
39509
39510
39511
39512
39513
39514
39515
39516
39517
39518
39519
39520
39521
39522
39523
39524
39525
39526
39527
39528
39529
39530
39531
39532
39533
39534
39535
39536
39537
39538
39539
39540
39541
39542
39543
39544
39545
39546
39547
39548
39549
39550
39551
39552
39553
39554
39555
39556
39557
39558
39559
39560
39561
39562
39563
39564
39565
39566
39567
39568
39569
39570
39571
39572
39573
39574
39575
39576
39577
39578
39579
39580
39581
39582
39583
55968
39584
55969
39585
55970
39586
55971
39587
55972
39588
55973
39589
55974
39590
55975
39591
55976
39592
39593
39594
39595
39596
39597
39598
55983
39599
55984
39600
55985
39601
55986
39602
55987
39603
55988
39604
55989
39605
55990
39606
55991
39607
55992
39608
55993
39609
55994
39610
55995
39611
39612
39613
39614
39615
39616
39617
39618
39619
39620
39621
39622
39623
39624
39625
39626
39627
39628
39629
39630
39631
39632
39633
39634
39635
39636
39637
39638
39639
39640
56025
39641
56026
39642
56027
39643
56028
39644
56029
39645
56030
39646
56031
39647
56032
39648
56033
39649
56034
39650
56035
39651
56036
39652
56037
39653
56038
39654
56039
39655
56040
39656
56041
39657
39658
39659
39660
39661
39662
39663
39664
39665
39666
39667
39668
39669
39670
39671
39672
39673
56061
56062
56063
56064
56065
56066
56067
56068
56069
56070
56071
56072
56073
56074
56075
39691
56076
39692
56077
39693
56078
39694
56079
39695
56080
39696
56081
39697
56082
39698
56083
39699
56084
39700
56085
39701
56086
39702
56087
39703
56088
39704
56089
39705
56090
39706
56091
39707
56092
39708
56093
39709
56094
39710
39711
39712
39713
39714
39715
39716
39717
39718
39719
39720
39721
39722
39723
39724
39725
39726
39727
39728
39729
39730
39731
39732
39733
39734
39735
39736
39737
39738
39739
39740
39741
39742
39743
39744
39745
39746
39747
39748
39749
39750
39751
39752
39753
39754
39755
39756
39764
39765
39766
39767
39773
39774
39775
39776
39778
39779
39780
39781
39782
39785
39786
39787
39788
39792
39793
39794
39795
39797
39798
39799
39800
56185
39801
56186
39802
56187
39803
56188
39804
56189
39805
56190
39806
56191
39807
56192
39808
56193
39809
56194
39810
56195
39811
56196
39812
56197
39813
56198
39814
56199
39815
56200
39816
56201
39817
56202
39818
56203
39819
56204
39820
56205
39821
56206
39822
56207
39823
56208
39824
56209
39825
56210
39826
56211
39827
56212
39828
56213
39829
56214
39830
56215
39831
56216
39832
56217
39833
56218
39834
56219
39835
56220
39836
56221
39837
56222
39838
56223
39839
56224
39840
56225
39841
56226
39842
56227
39843
56228
39844
56229
39845
56230
39846
56231
39847
56232
39848
56233
39849
56234
39850
56235
39851
56236
39852
56237
39853
56238
39854
56239
39855
56240
39856
56241
39857
56242
39858
56243
39859
56244
39860
56245
39861
56246
39862
56247
39863
56248
39864
56249
39865
56250
39866
56251
39867
56252
39868
56253
39869
56254
39870
56255
39871
56256
39872
56257
39873
56258
39874
56259
39875
56260
39876
56261
39877
56262
56263
39879
56264
39880
56265
39881
56266
39882
56267
56268
56269
56270
56271
56272
39888
56273
39889
56274
39890
56275
39891
39893
39894
39895
39896
39897
39898
56283
39899
56284
39900
56285
39901
56286
56287
39903
56288
39904
56289
39905
56290
39906
56291
56292
39908
56293
39909
56294
39910
56295
39911
56296
39912
56297
39913
56298
39914
56299
39915
56300
39916
56301
39917
56302
39918
56303
39919
56304
39920
56305
39921
56306
39922
56307
39923
56308
39924
56309
39925
56310
39926
56311
39927
56312
39928
56313
39929
56314
39930
56315
39931
56316
39932
56317
39933
56318
39934
56319
39935
56320
39936
56321
39937
56322
39938
56323
39939
56324
39940
56325
39941
56326
39942
56327
39943
56328
39944
56329
39945
56330
39946
56331
39947
56332
39948
56333
39949
56334
39950
56335
39951
56336
39952
56337
39953
56338
39954
56339
39955
56340
39956
56341
39957
56342
39958
56343
39959
56344
39960
56345
39961
56346
39962
56347
39963
56348
39964
56349
39965
56350
39966
56351
39967
56352
39968
56353
39969
56354
39970
56355
39971
56356
39972
56357
39973
56358
39974
56359
39975
56360
39976
56361
39977
56362
56363
56364
56365
56366
39982
56367
39983
56368
39984
56369
39985
56370
56371
56372
56373
39989
56374
39990
56375
39991
56376
56377
56378
56379
39995
56380
39996
56381
39997
56382
39998
56383
56384
40000
56385
40001
56386
40002
56387
40003
56388
40004
56389
40005
56390
40006
56391
40007
56392
40008
56393
56394
56395
56396
40012
56397
40013
56398
40014
56399
40015
56400
40016
56401
40017
56402
56403
56404
40020
56405
40021
56406
40022
56407
56408
40024
56409
40025
56410
40026
56411
56412
56413
56414
56415
56416
56417
56418
56419
56420
40036
56421
40037
56422
40038
56423
40039
56424
56425
56426
56427
56428
56429
56430
40046
56431
40047
56432
40048
56433
40049
56434
56435
40051
56436
40052
56437
40053
56438
40054
56439
56440
56441
56442
40058
56443
40059
56444
40060
56445
40061
56446
40062
56447
40063
56448
40064
56449
40065
56450
56451
40067
56452
40068
56453
40069
56454
40070
56455
40071
56456
40072
56457
40073
56458
40074
56459
40075
56460
40076
56461
40077
56462
40078
56463
40079
56464
40080
56465
40081
56466
40082
56467
40083
56468
40084
56469
40085
56470
40086
56471
40087
56472
40088
56473
40089
56474
40090
56475
40091
56476
40092
56477
40093
56478
40094
56479
40095
56480
40096
56481
40097
56482
40098
56483
40099
56484
40100
56485
40101
56486
40102
56487
40103
40104
40105
40106
40107
40108
40109
40110
40111
40112
56497
40113
56498
40114
56499
40115
56500
40116
56501
40117
56502
40118
56503
40119
56504
40120
56505
40121
56506
40122
56507
40123
56508
40124
56509
40125
56510
40126
56511
40127
56512
40128
56513
40129
56514
40130
56515
40131
56516
40132
56517
40133
56518
40134
56519
40135
56520
40136
56521
40137
56522
40138
56523
40139
56524
40140
56525
40141
56526
40142
56527
40143
56528
40144
56529
40145
56530
40146
56531
40147
56532
40148
56533
40149
56534
40150
56535
40151
56536
40152
56537
40153
56538
40154
56539
40155
56540
40156
56541
40157
56542
40158
56543
40159
56544
40160
56545
40161
56546
40162
56547
40163
56548
40164
56549
40165
56550
40166
56551
40167
56552
40168
56553
40169
56554
40170
56555
40171
56556
40172
56557
40173
56558
40174
56559
40175
56560
40176
56561
40177
56562
40178
56563
40179
56564
40180
56565
40181
56566
40182
56567
40183
56568
40184
56569
40185
56570
40186
56571
40187
40188
40189
40190
40191
40192
40193
40194
40195
40196
40197
40198
40199
56584
40200
56585
40201
56586
40202
56587
40203
56588
40204
56589
40205
56590
40206
56591
40207
56592
40208
56593
40209
56594
40210
56595
40211
56596
40212
56597
40213
56598
40214
56599
40215
56600
40216
56601
40217
56602
40218
56603
40219
56604
40220
56605
40221
56606
40222
56607
40223
56608
40224
56609
40225
56610
40226
56611
40227
56612
40228
56613
40229
56614
40230
56615
40231
56616
40232
56617
40233
56618
40234
56619
40235
56620
40236
56621
40237
56622
40238
56623
40239
56624
40240
56625
40241
56626
40242
56627
40243
56628
40244
56629
40245
56630
40246
56631
40247
56632
40248
56633
40249
56634
40250
56635
40251
56636
40252
56637
40253
56638
40254
56639
40255
56640
40256
56641
40257
56642
40258
56643
40259
56644
40260
56645
40261
56646
40262
56647
40263
56648
40264
56649
40265
56650
40266
56651
40267
56652
40268
56653
40269
56654
40270
56655
40271
56656
40272
56657
40273
56658
40274
56659
40275
56660
40276
56661
40277
56662
40278
56663
40279
56664
40280
56665
40281
56666
40282
56667
40283
56668
40284
56669
40285
56670
40286
56671
40287
56672
40288
56673
40289
56674
40290
56675
40291
56676
40292
56677
40293
56678
40294
56679
40295
56680
40296
56681
40297
56682
40298
56683
40299
56684
40300
56685
40301
56686
40302
56687
40303
56688
40304
56689
40305
56690
40306
56691
40307
56692
40308
56693
40309
56694
40310
56695
40311
56696
40312
56697
40313
56698
40314
56699
40315
56700
40316
56701
40317
56702
40318
56703
40319
56704
40320
56705
40321
56706
40322
56707
40323
56708
40324
56709
40325
56710
40326
56711
40327
56712
40328
56713
40329
56714
40330
56715
40331
56716
40332
56717
40333
56718
40334
56719
40335
40336
40337
40338
40339
40340
40341
40342
40343
40344
40345
40346
40347
40348
40349
40350
40351
40352
40353
40354
40355
40356
40357
40358
40359
40360
40361
40362
40363
40364
40365
40366
40367
40368
40369
40370
40371
40372
40373
40374
40375
40376
40377
40378
40379
40380
40381
40382
40383
40384
40385
40386
40387
40388
40389
40390
40391
40392
40393
40394
56779
40395
56780
40396
56781
40397
56782
40398
56783
40399
56784
40400
56785
40401
56786
40402
56787
40403
40404
40405
40406
40407
40408
40409
40410
40411
40412
40413
40414
40415
40416
40417
40418
40419
40420
40421
40422
40423
40424
40425
40426
40427
40428
40429
40430
40431
40432
40433
40434
40435
40436
40437
40438
40439
40440
40441
40442
40443
40444
40445
40446
40447
40448
40449
40450
40451
40452
40453
40454
40455
40456
40457
40458
40459
40460
40461
40462
40463
40464
40465
40466
40467
40468
40469
40470
40471
40472
40473
40474
40475
40476
40477
40478
40479
40480
40481
40482
40483
40484
40485
40486
40487
40488
40489
40490
40491
40492
40493
40494
40495
40496
40497
40498
40499
40500
40501
40502
40503
40504
40505
40506
40507
40508
40509
40510
40511
40512
40513
40514
40515
40516
40517
40518
40519
40520
40521
40522
40523
40524
40525
40526
40527
40528
40529
40530
40531
40532
40533
40534
40535
40536
40537
40538
40539
40540
40541
40542
40543
40544
40545
40546
40547
40548
40549
40550
40551
40552
40553
40554
40555
40556
40557
40558
40559
40560
40561
40562
40563
40564
40565
40566
40567
40568
40569
40570
40571
40572
40573
40574
40575
40576
40577
40578
40579
40580
40581
40582
40583
40584
40585
40586
40587
40588
40589
40590
40591
40592
40593
40594
40595
40596
40597
40598
40599
40600
40601
40602
40603
40604
40605
40606
40607
40608
40609
40610
40611
40612
40613
40614
40615
40616
40617
40618
40619
40620
40621
40622
40623
40624
40625
40626
40627
40628
40629
40630
40631
40632
40633
40634
40635
40636
40637
40638
40639
40640
40641
40642
40643
40644
40645
40646
40647
40648
40649
40650
40651
40652
40653
40654
40655
40656
40657
40658
40659
40660
40661
40662
40663
40664
40665
40666
40667
40668
40669
40670
40671
40672
40673
40674
40675
40676
40677
40678
40679
40680
40681
40682
40683
40684
40685
40686
40687
40688
40689
40690
40691
40692
40693
40694
40695
40696
40697
40698
57083
40699
57084
40700
57085
40701
57086
40702
57087
40703
57088
40704
57089
40705
57090
40706
57091
40707
57092
40708
57093
40709
57094
40710
57095
40711
57096
40712
57097
40713
57098
40714
57099
40715
57100
40716
57101
40717
57102
40718
57103
40719
40720
40721
40722
40723
40724
40725
40726
40727
40728
40729
40730
40731
40732
40733
40734
40735
40736
40737
40738
40739
40740
40741
40742
40743
40744
40745
40746
40747
40748
40749
40750
40751
40752
40753
40754
40755
40756
40757
40758
40759
40760
40761
40762
40763
40764
40765
40766
40767
40768
40769
40770
40771
57156
40772
57157
40773
57158
40774
57159
40775
57160
40776
57161
40777
57162
40778
57163
40779
57164
40780
57165
40781
57166
40782
57167
40783
57168
40784
57169
40785
57170
40786
57171
40787
57172
40788
57173
40789
40790
40791
40792
40793
40794
40795
40796
40797
40798
40799
40800
40801
40802
40803
40804
40805
40806
40807
40808
40809
40810
40811
40812
40813
40814
40815
40816
40817
40818
40819
40820
40821
40822
57207
40823
57208
40824
57209
40825
57210
40826
57211
40827
57212
40828
57213
40829
57214
40830
57215
40831
57216
40832
57217
40833
57218
40834
40835
40836
40837
40838
40839
40840
40841
40842
40843
57228
40844
57229
57230
57231
57232
57233
57234
57235
57236
57237
57238
57239
57240
57241
57242
57243
57244
57245
57260
57261
57262
57263
57264
57265
57266
57267
57268
57269
57270
57271
57272
57273
57274
57275
57276
57277
57278
57279
57280
57281
57282
57283
57284
57285
57286
57287
57288
57289
57290
57291
57292
57293
57294
57295
57296
57297
57298
57299
57300
57301
57302
57303
57304
57305
57306
57307
57308
57309
57310
57311
57312
57313
57314
57315
57316
57317
57318
57319
)


// ************************************************************************* //
