0.000330984
0.00033156
0.000332135
0.000332709
0.000333283
0.000333856
0.000334428
0.000335
0.000335572
0.000336143
0.000336713
0.000337282
0.000337851
0.00033842
0.000338987
0.000339555
0.000340121
0.000340687
0.000341253
0.000341818
0.000342382
0.000342946
0.000343509
0.000344071
0.000344633
0.000345195
0.000345756
0.000346316
0.000346876
0.000347435
0.000347994
0.000348552
0.000349109
0.000349666
0.000350223
0.000350779
0.000351334
0.000351889
0.000352443
0.000352997
0.00035355
0.000354103
0.000354655
0.000355206
0.000355757
0.000356308
0.000356858
0.000357407
0.000357956
0.000358504
0.000359052
0.0003596
0.000360146
0.000360693
0.000361238
0.000361784
0.000362329
0.000362873
0.000363417
0.00036396
0.000364503
0.000365045
0.000365586
0.000366128
0.000366668
0.000367208
0.000367746
0.000368285
0.000368822
0.000369359
0.000369895
0.00037043
0.000370965
0.000371499
0.000372032
0.000372564
0.000373096
0.000373627
0.000374158
0.000374687
0.000375216
0.000375745
0.000376273
0.0003768
0.000377326
0.000377852
0.000378377
0.000378901
0.000379425
0.000379948
0.00038047
0.000380992
0.000381513
0.000382034
0.000382553
0.000383073
0.000383591
0.000384109
0.000384626
0.000385143
0.000385659
0.000386174
0.000386689
0.000387203
0.000387717
0.000388229
0.000388742
0.000389253
0.000389764
0.000390275
0.000390785
0.000391294
0.000391803
0.000392311
0.000392818
0.000393325
0.000393831
0.000394337
0.000394842
0.000395347
0.000395851
0.000396354
0.000396857
0.000397359
0.000397861
0.000398362
0.000398862
0.000399362
0.000399861
0.00040036
0.000400858
0.000401356
0.000401853
0.00040235
0.000402846
0.000403341
0.000403836
0.000404331
0.000404825
0.000405318
0.000405811
0.000406303
0.000406794
0.000407286
0.000407776
0.000408266
0.000408756
0.000409245
0.000409734
0.000410222
0.000410709
0.000411196
0.000411682
0.000412168
0.000412654
0.000413139
0.000413623
0.000414107
0.00041459
0.000415073
0.000415555
0.000416037
0.000416519
0.000417
0.00041748
0.00041796
0.000418439
0.000418918
0.000419397
0.000419875
0.000420352
0.000420829
0.000421305
0.000421781
0.000422257
0.000422732
0.000423207
0.000423681
0.000424154
0.000424628
0.0004251
0.000425572
0.000426044
0.000426516
0.000426986
0.000427457
0.000427927
0.000428396
0.000428865
0.000429334
0.000429802
0.000430269
0.000430737
0.000431203
0.00043167
0.000432136
0.000432601
0.000433066
0.00043353
0.000433995
0.000434458
0.000434921
0.000435384
0.000435846
0.000436308
0.00043677
0.000437231
0.000437691
0.000438152
0.000438611
0.000439071
0.00043953
0.000439988
0.000440446
0.000440904
0.000441361
0.000441818
0.000442274
0.00044273
0.000443186
0.000443641
0.000444095
0.00044455
0.000445004
0.000445457
0.00044591
0.000446363
0.000446815
0.000447267
0.000447718
0.000448169
0.00044862
0.00044907
0.00044952
0.00044997
0.000450419
0.000450867
0.000451316
0.000451763
0.000452211
0.000452658
0.000453105
0.000453551
0.000453997
0.000454443
0.000454888
0.000455332
0.000455777
0.000456221
0.000456665
0.000457108
0.000457551
0.000457993
0.000458435
0.000458877
0.000459318
0.000459759
0.0004602
0.00046064
0.00046108
0.00046152
0.000461959
0.000462398
0.000462836
0.000463274
0.000463712
0.000464149
0.000464586
0.000465023
0.000465459
0.000465895
0.000466331
0.000466766
0.000467201
0.000467635
0.000468069
0.000468503
0.000468937
0.00046937
0.000469802
0.000470235
0.000470667
0.000471099
0.00047153
0.000471961
0.000472392
0.000472822
0.000473252
0.000473682
0.000474111
0.00047454
0.000474968
0.000475397
0.000475825
0.000476252
0.00047668
0.000477106
0.000477533
0.000477959
0.000478385
0.000478811
0.000479236
0.000479661
0.000480086
0.00048051
0.000480934
0.000481358
0.000481781
0.000482204
0.000482627
0.000483049
0.000483471
0.000483893
0.000484314
0.000484735
0.000485156
0.000485577
0.000485997
0.000486417
0.000486836
0.000487255
0.000487674
0.000488093
0.000488511
0.000488929
0.000489347
0.000489764
0.000490181
0.000490598
0.000491014
0.00049143
0.000491846
0.000492261
0.000492677
0.000493091
0.000493506
0.00049392
0.000494334
0.000494748
0.000495161
0.000495574
0.000495987
0.0004964
0.000496812
0.000497224
0.000497635
0.000498047
0.000498458
0.000498868
0.000499279
0.000499689
0.000500099
0.000500508
0.000500917
0.000501326
0.000501735
0.000502143
0.000502552
0.000502959
0.000503367
0.000503774
0.000504181
0.000504588
0.000504994
0.0005054
0.000505806
0.000506212
0.000506617
0.000507022
0.000507427
0.000507831
0.000508235
0.000508639
0.000509043
0.000509446
0.000509849
0.000510252
0.000510654
0.000511057
0.000511459
0.00051186
0.000512262
0.000512663
0.000513064
0.000513464
0.000513865
0.000514265
0.000514665
0.000515064
0.000515463
0.000515862
0.000516261
0.000516659
0.000517058
0.000517456
0.000517853
0.000518251
0.000518648
0.000519045
0.000519441
0.000519838
0.000520234
0.00052063
0.000521025
0.000521421
0.000521816
0.00052221
0.000522605
0.000522999
0.000523393
0.000523787
0.000524181
0.000524574
0.000524967
0.00052536
0.000525752
0.000526145
0.000526537
0.000526928
0.00052732
0.000527711
0.000528102
0.000528493
0.000528883
0.000529274
0.000529664
0.000530054
0.000530443
0.000530832
0.000531221
0.00053161
0.000531999
0.000532387
0.000532775
0.000533163
0.000533551
0.000533938
0.000534325
0.000534712
0.000535098
0.000535485
0.000535871
0.000536257
0.000536643
0.000537028
0.000537413
0.000537798
0.000538183
0.000538567
0.000538952
0.000539336
0.00053972
0.000540103
0.000540486
0.00054087
0.000541252
0.000541635
0.000542017
0.0005424
0.000542782
0.000543163
0.000543545
0.000543926
0.000544307
0.000544688
0.000545068
0.000545449
0.000545829
0.000546209
0.000546588
0.000546968
0.000547347
0.000547726
0.000548105
0.000548483
0.000548862
0.00054924
0.000549618
0.000549995
0.000550373
0.00055075
0.000551127
0.000551504
0.00055188
0.000552257
0.000552633
0.000553009
0.000553384
0.00055376
0.000554135
0.00055451
0.000554885
0.000555259
0.000555634
0.000556008
0.000556382
0.000556756
0.000557129
0.000557503
0.000557876
0.000558248
0.000558621
0.000558994
0.000559366
0.000559738
0.00056011
0.000560481
0.000560853
0.000561224
0.000561595
0.000561966
0.000562336
0.000562707
0.000563077
0.000563447
0.000563817
0.000564186
0.000564556
0.000564925
0.000565294
0.000565662
0.000566031
0.000566399
0.000566767
0.000567135
0.000567503
0.00056787
0.000568238
0.000568605
0.000568972
0.000569338
0.000569705
0.000570071
0.000570437
0.000570803
0.000571169
0.000571534
0.0005719
0.000572265
0.00057263
0.000572994
0.000573359
0.000573723
0.000574087
0.000574451
0.000574815
0.000575179
0.000575542
0.000575905
0.000576268
0.000576631
0.000576993
0.000577356
0.000577718
0.00057808
0.000578442
0.000578803
0.000579165
0.000579526
0.000579887
0.000580248
0.000580609
0.000580969
0.000581329
0.000581689
0.000582049
0.000582409
0.000582769
0.000583128
0.000583487
0.000583846
0.000584205
0.000584563
0.000584922
0.00058528
0.000585638
0.000585996
0.000586354
0.000586711
0.000587068
0.000587425
0.000587782
0.000588139
0.000588496
0.000588852
0.000589208
0.000589564
0.00058992
0.000590276
0.000590631
0.000590987
0.000591342
0.000591697
0.000592051
0.000592406
0.00059276
0.000593115
0.000593469
0.000593822
0.000594176
0.00059453
0.000594883
0.000595236
0.000595589
0.000595942
0.000596294
0.000596647
0.000596999
0.000597351
0.000597703
0.000598055
0.000598406
0.000598758
0.000599109
0.00059946
0.000599811
0.000600162
0.000600512
0.000600863
0.000601213
0.000601563
0.000601913
0.000602262
0.000602612
0.000602961
0.00060331
0.000603659
0.000604008
0.000604357
0.000604705
0.000605054
0.000605402
0.00060575
0.000606097
0.000606445
0.000606793
0.00060714
0.000607487
0.000607834
0.000608181
0.000608527
0.000608874
0.00060922
0.000609566
0.000609912
0.000610258
0.000610604
0.000610949
0.000611295
0.00061164
0.000611985
0.00061233
0.000612674
0.000613019
0.000613363
0.000613707
0.000614051
0.000614395
0.000614739
0.000615082
0.000615426
0.000615769
0.000616112
0.000616455
0.000616798
0.00061714
0.000617482
0.000617825
0.000618167
0.000618509
0.00061885
0.000619192
0.000619534
0.000619875
0.000620216
0.000620557
0.000620898
0.000621238
0.000621579
0.000621919
0.000622259
0.0006226
0.000622939
0.000623279
0.000623619
0.000623958
0.000624297
0.000624636
0.000624975
0.000625314
0.000625653
0.000625991
0.00062633
0.000626668
0.000627006
0.000627344
0.000627681
0.000628019
0.000628356
0.000628694
0.000629031
0.000629368
0.000629705
0.000630041
0.000630378
0.000630714
0.00063105
0.000631386
0.000631722
0.000632058
0.000632394
0.000632729
0.000633065
0.0006334
0.000633735
0.00063407
0.000634404
0.000634739
0.000635073
0.000635408
0.000635742
0.000636076
0.00063641
0.000636743
0.000637077
0.00063741
0.000637743
0.000638077
0.000638409
0.000638742
0.000639075
0.000639407
0.00063974
0.000640072
0.000640404
0.000640736
0.000641068
0.0006414
0.000641731
0.000642062
0.000642394
0.000642725
0.000643056
0.000643386
0.000643717
0.000644048
0.000644378
0.000644708
0.000645038
0.000645368
0.000645698
0.000646028
0.000646357
0.000646687
0.000647016
0.000647345
0.000647674
0.000648003
0.000648331
0.00064866
0.000648988
0.000649317
0.000649645
0.000649973
0.0006503
0.000650628
0.000650956
0.000651283
0.00065161
0.000651938
0.000652265
0.000652592
0.000652918
0.000653245
0.000653571
0.000653898
0.000654224
0.00065455
0.000654876
0.000655202
0.000655527
0.000655853
0.000656178
0.000656503
0.000656828
0.000657153
0.000657478
0.000657803
0.000658128
0.000658452
0.000658776
0.0006591
0.000659425
0.000659748
0.000660072
0.000660396
0.000660719
0.000661043
0.000661366
0.000661689
0.000662012
0.000662335
0.000662658
0.00066298
0.000663303
0.000663625
0.000663947
0.000664269
0.000664591
0.000664913
0.000665235
0.000665556
0.000665878
0.000666199
0.00066652
0.000666841
0.000667162
0.000667483
0.000667803
0.000668124
0.000668444
0.000668764
0.000669084
0.000669404
0.000669724
0.000670044
0.000670364
0.000670683
0.000671002
0.000671322
0.000671641
0.00067196
0.000672279
0.000672597
0.000672916
0.000673234
0.000673553
0.000673871
0.000674189
0.000674507
0.000674825
0.000675143
0.00067546
0.000675778
0.000676095
0.000676412
0.000676729
0.000677046
0.000677363
0.00067768
0.000677996
0.000678313
0.000678629
0.000678945
0.000679261
0.000679577
0.000679893
0.000680209
0.000680525
0.00068084
0.000681155
0.000681471
0.000681786
0.000682101
0.000682416
0.00068273
0.000683045
0.00068336
0.000683674
0.000683988
0.000684302
0.000684616
0.00068493
0.000685244
0.000685558
0.000685871
0.000686185
0.000686498
0.000686811
0.000687124
0.000687437
0.00068775
0.000688063
0.000688376
0.000688688
0.000689
0.000689313
0.000689625
0.000689937
0.000690249
0.00069056
0.000690872
0.000691184
0.000691495
0.000691806
0.000692118
0.000692429
0.00069274
0.00069305
0.000693361
0.000693672
0.000693982
0.000694293
0.000694603
0.000694913
0.000695223
0.000695533
0.000695843
0.000696152
0.000696462
0.000696771
0.000697081
0.00069739
0.000697699
0.000698008
0.000698317
0.000698626
0.000698934
0.000699243
0.000699551
0.00069986
0.000700168
0.000700476
0.000700784
0.000701092
0.0007014
0.000701707
0.000702015
0.000702322
0.00070263
0.000702937
0.000703244
0.000703551
0.000703858
0.000704164
0.000704471
0.000704778
0.000705084
0.00070539
0.000705696
0.000706003
0.000706309
0.000706614
0.00070692
0.000707226
0.000707531
0.000707837
0.000708142
0.000708447
0.000708752
0.000709057
0.000709362
0.000709667
0.000709972
0.000710276
0.000710581
0.000710885
0.000711189
0.000711493
0.000711797
0.000712101
0.000712405
0.000712709
0.000713012
0.000713316
0.000713619
0.000713922
0.000714225
0.000714528
0.000714831
0.000715134
0.000715437
0.00071574
0.000716042
0.000716344
0.000716647
0.000716949
0.000717251
0.000717553
0.000717855
0.000718157
0.000718458
0.00071876
0.000719061
0.000719363
0.000719664
0.000719965
0.000720266
0.000720567
0.000720868
0.000721169
0.000721469
0.00072177
0.00072207
0.00072237
0.000722671
0.000722971
0.000723271
0.000723571
0.00072387
0.00072417
0.00072447
0.000724769
0.000725068
0.000725368
0.000725667
0.000725966
0.000726265
0.000726564
0.000726862
0.000727161
0.00072746
0.000727758
0.000728057
0.000728355
0.000728653
0.000728951
0.000729249
0.000729547
0.000729844
0.000730142
0.00073044
0.000730737
0.000731034
0.000731332
0.000731629
0.000731926
0.000732223
0.00073252
0.000732816
0.000733113
0.00073341
0.000733706
0.000734002
0.000734299
0.000734595
0.000734891
0.000735187
0.000735483
0.000735778
0.000736074
0.00073637
0.000736665
0.00073696
0.000737256
0.000737551
0.000737846
0.000738141
0.000738436
0.00073873
0.000739025
0.00073932
0.000739614
0.000739908
0.000740203
0.000740497
0.000740791
0.000741085
0.000741379
0.000741673
0.000741966
0.00074226
0.000742554
0.000742847
0.00074314
0.000743433
0.000743727
0.00074402
0.000744313
0.000744605
0.000744898
0.000745191
0.000745483
0.000745776
0.000746068
0.00074636
0.000746653
0.000746945
0.000747237
0.000747529
0.00074782
0.000748112
0.000748404
0.000748695
0.000748987
0.000749278
0.000749569
0.00074986
0.000750151
0.000750442
0.000750733
0.000751024
0.000751314
0.000751605
0.000751895
0.000752186
0.000752476
0.000752766
0.000753056
0.000753346
0.000753636
0.000753926
0.000754216
0.000754506
0.000754795
0.000755085
0.000755374
0.000755663
0.000755952
0.000756242
0.000756531
0.000756819
0.000757108
0.000757397
0.000757686
0.000757974
0.000758263
0.000758551
0.000758839
0.000759127
0.000759416
0.000759704
0.000759991
0.000760279
0.000760567
0.000760855
0.000761142
0.00076143
0.000761717
0.000762004
0.000762291
0.000762579
0.000762866
0.000763153
0.000763439
0.000763726
0.000764013
0.000764299
0.000764586
0.000764872
0.000765158
0.000765445
0.000765731
0.000766017
0.000766303
0.000766589
0.000766874
0.00076716
0.000767446
0.000767731
0.000768017
0.000768302
0.000768587
0.000768872
0.000769157
0.000769442
0.000769727
0.000770012
0.000770297
0.000770581
0.000770866
0.00077115
0.000771435
0.000771719
0.000772003
0.000772287
0.000772571
0.000772855
0.000773139
0.000773423
0.000773706
0.00077399
0.000774274
0.000774557
0.00077484
0.000775124
0.000775407
0.00077569
0.000775973
0.000776256
0.000776538
0.000776821
0.000777104
0.000777386
0.000777669
0.000777951
0.000778234
0.000778516
0.000778798
0.00077908
0.000779362
0.000779644
0.000779926
0.000780207
0.000780489
0.000780771
0.000781052
0.000781333
0.000781615
0.000781896
0.000782177
0.000782458
0.000782739
0.00078302
0.000783301
0.000783581
0.000783862
0.000784143
0.000784423
0.000784703
0.000784984
0.000785264
0.000785544
0.000785824
0.000786104
0.000786384
0.000786664
0.000786943
0.000787223
0.000787503
0.000787782
0.000788061
0.000788341
0.00078862
0.000788899
0.000789178
0.000789457
0.000789736
0.000790015
0.000790294
0.000790572
0.000790851
0.000791129
0.000791408
0.000791686
0.000791964
0.000792242
0.00079252
0.000792798
0.000793076
0.000793354
0.000793632
0.00079391
0.000794187
0.000794465
0.000794742
0.00079502
0.000795297
0.000795574
0.000795851
0.000796128
0.000796405
0.000796682
0.000796959
0.000797236
0.000797512
0.000797789
0.000798065
0.000798342
0.000798618
0.000798894
0.00079917
0.000799447
0.000799723
0.000799998
0.000800274
0.00080055
0.000800826
0.000801101
0.000801377
0.000801652
0.000801928
0.000802203
0.000802478
0.000802753
0.000803028
0.000803303
0.000803578
0.000803853
0.000804128
0.000804403
0.000804677
0.000804952
0.000805226
0.000805501
0.000805775
0.000806049
0.000806323
0.000806597
0.000806871
0.000807145
0.000807419
0.000807693
0.000807966
0.00080824
0.000808514
0.000808787
0.00080906
0.000809334
0.000809607
0.00080988
0.000810153
0.000810426
0.000810699
0.000810972
0.000811245
0.000811517
0.00081179
0.000812062
0.000812335
0.000812607
0.00081288
0.000813152
0.000813424
0.000813696
0.000813968
0.00081424
0.000814512
0.000814784
0.000815055
0.000815327
0.000815598
0.00081587
0.000816141
0.000816413
0.000816684
0.000816955
0.000817226
0.000817497
0.000817768
0.000818039
0.00081831
0.000818581
0.000818851
0.000819122
0.000819392
0.000819663
0.000819933
0.000820204
0.000820474
0.000820744
0.000821014
0.000821284
0.000821554
0.000821824
0.000822093
0.000822363
0.000822633
0.000822902
0.000823172
0.000823441
0.000823711
0.00082398
0.000824249
0.000824518
0.000824787
0.000825056
0.000825325
0.000825594
0.000825863
0.000826131
0.0008264
0.000826669
0.000826937
0.000827205
0.000827474
0.000827742
0.00082801
0.000828278
0.000828546
0.000828814
0.000829082
0.00082935
0.000829618
0.000829885
0.000830153
0.000830421
0.000830688
0.000830955
0.000831223
0.00083149
0.000831757
0.000832024
0.000832291
0.000832558
0.000832825
0.000833092
0.000833359
0.000833625
0.000833892
0.000834159
0.000834425
0.000834692
0.000834958
0.000835224
0.00083549
0.000835756
0.000836023
0.000836288
0.000836554
0.00083682
0.000837086
0.000837352
0.000837617
0.000837883
0.000838148
0.000838414
0.000838679
0.000838944
0.00083921
0.000839475
0.00083974
0.000840005
0.00084027
0.000840535
0.0008408
0.000841064
0.000841329
0.000841594
0.000841858
0.000842123
0.000842387
0.000842651
0.000842915
0.00084318
0.000843444
0.000843708
0.000843972
0.000844236
0.0008445
0.000844763
0.000845027
0.000845291
0.000845554
0.000845818
0.000846081
0.000846345
0.000846608
0.000846871
0.000847134
0.000847397
0.00084766
0.000847923
0.000848186
0.000848449
0.000848712
0.000848974
0.000849237
0.0008495
0.000849762
0.000850025
0.000850287
0.000850549
0.000850811
0.000851074
0.000851336
0.000851598
0.00085186
0.000852122
0.000852383
0.000852645
0.000852907
0.000853168
0.00085343
0.000853691
0.000853953
0.000854214
0.000854476
0.000854737
0.000854998
0.000855259
0.00085552
0.000855781
0.000856042
0.000856303
0.000856563
0.000856824
0.000857085
0.000857345
0.000857606
0.000857866
0.000858127
0.000858387
0.000858647
0.000858907
0.000859167
0.000859428
0.000859688
0.000859947
0.000860207
0.000860467
0.000860727
0.000860986
0.000861246
0.000861506
0.000861765
0.000862024
0.000862284
0.000862543
0.000862802
0.000863061
0.00086332
0.000863579
0.000863838
0.000864097
0.000864356
0.000864615
0.000864873
0.000865132
0.000865391
0.000865649
0.000865908
0.000866166
0.000866424
0.000866683
0.000866941
0.000867199
0.000867457
0.000867715
0.000867973
0.000868231
0.000868488
0.000868746
0.000869004
0.000869261
0.000869519
0.000869776
0.000870034
0.000870291
0.000870549
0.000870806
0.000871063
0.00087132
0.000871577
0.000871834
0.000872091
0.000872348
0.000872605
0.000872861
0.000873118
0.000873375
0.000873631
0.000873888
0.000874144
0.0008744
0.000874657
0.000874913
0.000875169
0.000875425
0.000875681
0.000875937
0.000876193
0.000876449
0.000876705
0.00087696
0.000877216
0.000877472
0.000877727
0.000877983
0.000878238
0.000878494
0.000878749
0.000879004
0.000879259
0.000879514
0.000879769
0.000880024
0.000880279
0.000880534
0.000880789
0.000881044
0.000881299
0.000881553
0.000881808
0.000882062
0.000882317
0.000882571
0.000882825
0.00088308
0.000883334
0.000883588
0.000883842
0.000884096
0.00088435
0.000884604
0.000884858
0.000885112
0.000885365
0.000885619
0.000885873
0.000886126
0.00088638
0.000886633
0.000886886
0.00088714
0.000887393
0.000887646
0.000887899
0.000888152
0.000888405
0.000888658
0.000888911
0.000889164
0.000889417
0.000889669
0.000889922
0.000890175
0.000890427
0.00089068
0.000890932
0.000891184
0.000891437
0.000891689
0.000891941
0.000892193
0.000892445
0.000892697
0.000892949
0.000893201
0.000893453
0.000893705
0.000893956
0.000894208
0.00089446
0.000894711
0.000894963
0.000895214
0.000895465
0.000895717
0.000895968
0.000896219
0.00089647
0.000896721
0.000896972
0.000897223
0.000897474
0.000897725
0.000897976
0.000898226
0.000898477
0.000898728
0.000898978
0.000899229
0.000899479
0.000899729
0.00089998
0.00090023
0.00090048
0.00090073
0.00090098
0.00090123
0.00090148
0.00090173
0.00090198
0.00090223
0.00090248
0.000902729
0.000902979
0.000903228
0.000903478
0.000903727
0.000903977
0.000904226
0.000904475
0.000904725
0.000904974
0.000905223
0.000905472
0.000905721
0.00090597
0.000906219
0.000906467
0.000906716
0.000906965
0.000907214
0.000907462
0.000907711
0.000907959
0.000908208
0.000908456
0.000908704
0.000908953
0.000909201
0.000909449
0.000909697
0.000909945
0.000910193
0.000910441
0.000910689
0.000910937
0.000911184
0.000911432
0.00091168
0.000911927
0.000912175
0.000912422
0.00091267
0.000912917
0.000913164
0.000913412
0.000913659
0.000913906
0.000914153
0.0009144
0.000914647
0.000914894
0.000915141
0.000915388
0.000915634
0.000915881
0.000916128
0.000916374
0.000916621
0.000916867
0.000917114
0.00091736
0.000917606
0.000917853
0.000918099
0.000918345
0.000918591
0.000918837
0.000919083
0.000919329
0.000919575
0.000919821
0.000920066
0.000920312
0.000920558
0.000920803
0.000921049
0.000921294
0.00092154
0.000921785
0.000922031
0.000922276
0.000922521
0.000922766
0.000923011
0.000923256
0.000923501
0.000923746
0.000923991
0.000924236
0.000924481
0.000924726
0.00092497
0.000925215
0.00092546
0.000925704
0.000925949
0.000926193
0.000926437
0.000926682
0.000926926
0.00092717
0.000927414
0.000927658
0.000927902
0.000928146
0.00092839
0.000928634
0.000928878
0.000929122
0.000929366
0.000929609
0.000929853
0.000930096
0.00093034
0.000930583
0.000930827
0.00093107
0.000931313
0.000931557
0.0009318
0.000932043
0.000932286
0.000932529
0.000932772
0.000933015
0.000933258
0.000933501
0.000933744
0.000933986
0.000934229
0.000934472
0.000934714
0.000934957
0.000935199
0.000935442
0.000935684
0.000935926
0.000936168
0.000936411
0.000936653
0.000936895
0.000937137
0.000937379
0.000937621
0.000937863
0.000938105
0.000938346
0.000938588
0.00093883
0.000939072
0.000939313
0.000939555
0.000939796
0.000940038
0.000940279
0.00094052
0.000940761
0.000941003
0.000941244
0.000941485
0.000941726
0.000941967
0.000942208
0.000942449
0.00094269
0.000942931
0.000943171
0.000943412
0.000943653
0.000943893
0.000944134
0.000944374
0.000944615
0.000944855
0.000945096
0.000945336
0.000945576
0.000945816
0.000946057
0.000946297
0.000946537
0.000946777
0.000947017
0.000947257
0.000947496
0.000947736
0.000947976
0.000948216
0.000948455
0.000948695
0.000948934
0.000949174
0.000949413
0.000949653
0.000949892
0.000950131
0.000950371
0.00095061
0.000950849
0.000951088
0.000951327
0.000951566
0.000951805
0.000952044
0.000952283
0.000952522
0.00095276
0.000952999
0.000953238
0.000953476
0.000953715
0.000953953
0.000954192
0.00095443
0.000954669
0.000954907
0.000955145
0.000955383
0.000955622
0.00095586
0.000956098
0.000956336
0.000956574
0.000956812
0.000957049
0.000957287
0.000957525
0.000957763
0.000958
0.000958238
0.000958476
0.000958713
0.000958951
0.000959188
0.000959425
0.000959663
0.0009599
0.000960137
0.000960374
0.000960611
0.000960849
0.000961086
0.000961323
0.000961559
0.000961796
0.000962033
0.00096227
0.000962507
0.000962743
0.00096298
0.000963217
0.000963453
0.00096369
0.000963926
0.000964163
0.000964399
0.000964635
0.000964872
0.000965108
0.000965344
0.00096558
0.000965816
0.000966052
0.000966288
0.000966524
0.00096676
0.000966996
0.000967231
0.000967467
0.000967703
0.000967939
0.000968174
0.00096841
0.000968645
0.000968881
0.000969116
0.000969351
0.000969587
0.000969822
0.000970057
0.000970292
0.000970527
0.000970763
0.000970998
0.000971233
0.000971467
0.000971702
0.000971937
0.000972172
0.000972407
0.000972641
0.000972876
0.000973111
0.000973345
0.00097358
0.000973814
0.000974049
0.000974283
0.000974517
0.000974752
0.000974986
0.00097522
0.000975454
0.000975688
0.000975922
0.000976156
0.00097639
0.000976624
0.000976858
0.000977092
0.000977325
0.000977559
0.000977793
0.000978026
0.00097826
0.000978494
0.000978727
0.00097896
0.000979194
0.000979427
0.000979661
0.000979894
0.000980127
0.00098036
0.000980593
0.000980826
0.000981059
0.000981292
0.000981525
0.000981758
0.000981991
0.000982224
0.000982456
0.000982689
0.000982922
0.000983154
0.000983387
0.00098362
0.000983852
0.000984084
0.000984317
0.000984549
0.000984781
0.000985014
0.000985246
0.000985478
0.00098571
0.000985942
0.000986174
0.000986406
0.000986638
0.00098687
0.000987102
0.000987334
0.000987565
0.000987797
0.000988029
0.00098826
0.000988492
0.000988723
0.000988955
0.000989186
0.000989418
0.000989649
0.00098988
0.000990112
0.000990343
0.000990574
0.000990805
0.000991036
0.000991267
0.000991498
0.000991729
0.00099196
0.000992191
0.000992422
0.000992652
0.000992883
0.000993114
0.000993344
0.000993575
0.000993806
0.000994036
0.000994266
0.000994497
0.000994727
0.000994958
0.000995188
0.000995418
0.000995648
0.000995878
0.000996108
0.000996338
0.000996568
0.000996798
0.000997028
0.000997258
0.000997488
0.000997718
0.000997948
0.000998177
0.000998407
0.000998637
0.000998866
0.000999096
0.000999325
0.000999555
0.000999784
0.00100001
0.00100024
0.00100047
0.0010007
0.00100093
0.00100116
0.00100139
0.00100162
0.00100185
0.00100208
0.0010023
0.00100253
0.00100276
0.00100299
0.00100322
0.00100345
0.00100368
0.00100391
0.00100413
0.00100436
0.00100459
0.00100482
0.00100505
0.00100528
0.0010055
0.00100573
0.00100596
0.00100619
0.00100642
0.00100665
0.00100687
0.0010071
0.00100733
0.00100756
0.00100779
0.00100801
0.00100824
0.00100847
0.0010087
0.00100892
0.00100915
0.00100938
0.00100961
0.00100983
0.00101006
0.00101029
0.00101052
0.00101074
0.00101097
0.0010112
0.00101143
0.00101165
0.00101188
0.00101211
0.00101233
0.00101256
0.00101279
0.00101301
0.00101324
0.00101347
0.00101369
0.00101392
0.00101415
0.00101437
0.0010146
0.00101483
0.00101505
0.00101528
0.00101551
0.00101573
0.00101596
0.00101619
0.00101641
0.00101664
0.00101687
0.00101709
0.00101732
0.00101754
0.00101777
0.001018
0.00101822
0.00101845
0.00101867
0.0010189
0.00101912
0.00101935
0.00101958
0.0010198
0.00102003
0.00102025
0.00102048
0.0010207
0.00102093
0.00102115
0.00102138
0.00102161
0.00102183
0.00102206
0.00102228
0.00102251
0.00102273
0.00102296
0.00102318
0.00102341
0.00102363
0.00102386
0.00102408
0.00102431
0.00102453
0.00102476
0.00102498
0.0010252
0.00102543
0.00102565
0.00102588
0.0010261
0.00102633
0.00102655
0.00102678
0.001027
0.00102722
0.00102745
0.00102767
0.0010279
0.00102812
0.00102835
0.00102857
0.00102879
0.00102902
0.00102924
0.00102947
0.00102969
0.00102991
0.00103014
0.00103036
0.00103058
0.00103081
0.00103103
0.00103125
0.00103148
0.0010317
0.00103192
0.00103215
0.00103237
0.00103259
0.00103282
0.00103304
0.00103326
0.00103349
0.00103371
0.00103393
0.00103416
0.00103438
0.0010346
0.00103483
0.00103505
0.00103527
0.00103549
0.00103572
0.00103594
0.00103616
0.00103638
0.00103661
0.00103683
0.00103705
0.00103728
0.0010375
0.00103772
0.00103794
0.00103816
0.00103839
0.00103861
0.00103883
0.00103905
0.00103928
0.0010395
0.00103972
0.00103994
0.00104016
0.00104039
0.00104061
0.00104083
0.00104105
0.00104127
0.00104149
0.00104172
0.00104194
0.00104216
0.00104238
0.0010426
0.00104282
0.00104305
0.00104327
0.00104349
0.00104371
0.00104393
0.00104415
0.00104437
0.00104459
0.00104482
0.00104504
0.00104526
0.00104548
0.0010457
0.00104592
0.00104614
0.00104636
0.00104658
0.0010468
0.00104702
0.00104725
0.00104747
0.00104769
0.00104791
0.00104813
0.00104835
0.00104857
0.00104879
0.00104901
0.00104923
0.00104945
0.00104967
0.00104989
0.00105011
0.00105033
0.00105055
0.00105077
0.00105099
0.00105121
0.00105143
0.00105165
0.00105187
0.00105209
0.00105231
0.00105253
0.00105275
0.00105297
0.00105319
0.00105341
0.00105363
0.00105385
0.00105407
0.00105429
0.00105451
0.00105473
0.00105495
0.00105516
0.00105538
0.0010556
0.00105582
0.00105604
0.00105626
0.00105648
0.0010567
0.00105692
0.00105714
0.00105736
0.00105757
0.00105779
0.00105801
0.00105823
0.00105845
0.00105867
0.00105889
0.00105911
0.00105932
0.00105954
0.00105976
0.00105998
0.0010602
0.00106042
0.00106064
0.00106085
0.00106107
0.00106129
0.00106151
0.00106173
0.00106194
0.00106216
0.00106238
0.0010626
0.00106282
0.00106303
0.00106325
0.00106347
0.00106369
0.00106391
0.00106412
0.00106434
0.00106456
0.00106478
0.00106499
0.00106521
0.00106543
0.00106565
0.00106586
0.00106608
0.0010663
0.00106652
0.00106673
0.00106695
0.00106717
0.00106739
0.0010676
0.00106782
0.00106804
0.00106825
0.00106847
0.00106869
0.00106891
0.00106912
0.00106934
0.00106956
0.00106977
0.00106999
0.00107021
0.00107042
0.00107064
0.00107086
0.00107107
0.00107129
0.00107151
0.00107172
0.00107194
0.00107216
0.00107237
0.00107259
0.0010728
0.00107302
0.00107324
0.00107345
0.00107367
0.00107389
0.0010741
0.00107432
0.00107453
0.00107475
0.00107497
0.00107518
0.0010754
0.00107561
0.00107583
0.00107604
0.00107626
0.00107648
0.00107669
0.00107691
0.00107712
0.00107734
0.00107755
0.00107777
0.00107798
0.0010782
0.00107842
0.00107863
0.00107885
0.00107906
0.00107928
0.00107949
0.00107971
0.00107992
0.00108014
0.00108035
0.00108057
0.00108078
0.001081
0.00108121
0.00108143
0.00108164
0.00108186
0.00108207
0.00108229
0.0010825
0.00108272
0.00108293
0.00108314
0.00108336
0.00108357
0.00108379
0.001084
0.00108422
0.00108443
0.00108465
0.00108486
0.00108507
0.00108529
0.0010855
0.00108572
0.00108593
0.00108614
0.00108636
0.00108657
0.00108679
0.001087
0.00108721
0.00108743
0.00108764
0.00108786
0.00108807
0.00108828
0.0010885
0.00108871
0.00108892
0.00108914
0.00108935
0.00108956
0.00108978
0.00108999
0.00109021
0.00109042
0.00109063
0.00109085
0.00109106
0.00109127
0.00109148
0.0010917
0.00109191
0.00109212
0.00109234
0.00109255
0.00109276
0.00109298
0.00109319
0.0010934
0.00109362
0.00109383
0.00109404
0.00109425
0.00109447
0.00109468
0.00109489
0.0010951
0.00109532
0.00109553
0.00109574
0.00109595
0.00109617
0.00109638
0.00109659
0.0010968
0.00109702
0.00109723
0.00109744
0.00109765
0.00109786
0.00109808
0.00109829
0.0010985
0.00109871
0.00109893
0.00109914
0.00109935
0.00109956
0.00109977
0.00109998
0.0011002
0.00110041
0.00110062
0.00110083
0.00110104
0.00110125
0.00110147
0.00110168
0.00110189
0.0011021
0.00110231
0.00110252
0.00110274
0.00110295
0.00110316
0.00110337
0.00110358
0.00110379
0.001104
0.00110421
0.00110443
0.00110464
0.00110485
0.00110506
0.00110527
0.00110548
0.00110569
0.0011059
0.00110611
0.00110632
0.00110653
0.00110675
0.00110696
0.00110717
0.00110738
0.00110759
0.0011078
0.00110801
0.00110822
0.00110843
0.00110864
0.00110885
0.00110906
0.00110927
0.00110948
0.00110969
0.0011099
0.00111011
0.00111032
0.00111053
0.00111074
0.00111095
0.00111116
0.00111137
0.00111158
0.00111179
0.001112
0.00111221
0.00111242
0.00111263
0.00111284
0.00111305
0.00111326
0.00111347
0.00111368
0.00111389
0.0011141
0.00111431
0.00111452
0.00111473
0.00111494
0.00111515
0.00111536
0.00111557
0.00111578
0.00111599
0.00111619
0.0011164
0.00111661
0.00111682
0.00111703
0.00111724
0.00111745
0.00111766
0.00111787
0.00111808
0.00111828
0.00111849
0.0011187
0.00111891
0.00111912
0.00111933
0.00111954
0.00111975
0.00111996
0.00112016
0.00112037
0.00112058
0.00112079
0.001121
0.00112121
0.00112141
0.00112162
0.00112183
0.00112204
0.00112225
0.00112246
0.00112266
0.00112287
0.00112308
0.00112329
0.0011235
0.00112371
0.00112391
0.00112412
0.00112433
0.00112454
0.00112475
0.00112495
0.00112516
0.00112537
0.00112558
0.00112578
0.00112599
0.0011262
0.00112641
0.00112662
0.00112682
0.00112703
0.00112724
0.00112745
0.00112765
0.00112786
0.00112807
0.00112828
0.00112848
0.00112869
0.0011289
0.0011291
0.00112931
0.00112952
0.00112973
0.00112993
0.00113014
0.00113035
0.00113055
0.00113076
0.00113097
0.00113118
0.00113138
0.00113159
0.0011318
0.001132
0.00113221
0.00113242
0.00113262
0.00113283
0.00113304
0.00113324
0.00113345
0.00113366
0.00113386
0.00113407
0.00113428
0.00113448
0.00113469
0.00113489
0.0011351
0.00113531
0.00113551
0.00113572
0.00113593
0.00113613
0.00113634
0.00113654
0.00113675
0.00113696
0.00113716
0.00113737
0.00113757
0.00113778
0.00113799
0.00113819
0.0011384
0.0011386
0.00113881
0.00113902
0.00113922
0.00113943
0.00113963
0.00113984
0.00114004
0.00114025
0.00114045
0.00114066
0.00114087
0.00114107
0.00114128
0.00114148
0.00114169
0.00114189
0.0011421
0.0011423
0.00114251
0.00114271
0.00114292
0.00114312
0.00114333
0.00114353
0.00114374
0.00114394
0.00114415
0.00114435
0.00114456
0.00114476
0.00114497
0.00114517
0.00114538
0.00114558
0.00114579
0.00114599
0.0011462
0.0011464
0.00114661
0.00114681
0.00114701
0.00114722
0.00114742
0.00114763
0.00114783
0.00114804
0.00114824
0.00114845
0.00114865
0.00114885
0.00114906
0.00114926
0.00114947
0.00114967
0.00114987
0.00115008
0.00115028
0.00115049
0.00115069
0.00115089
0.0011511
0.0011513
0.00115151
0.00115171
0.00115191
0.00115212
0.00115232
0.00115253
0.00115273
0.00115293
0.00115314
0.00115334
0.00115354
0.00115375
0.00115395
0.00115415
0.00115436
0.00115456
0.00115476
0.00115497
0.00115517
0.00115537
0.00115558
0.00115578
0.00115598
0.00115619
0.00115639
0.00115659
0.0011568
0.001157
0.0011572
0.00115741
0.00115761
0.00115781
0.00115801
0.00115822
0.00115842
0.00115862
0.00115883
0.00115903
0.00115923
0.00115943
0.00115964
0.00115984
0.00116004
0.00116024
0.00116045
0.00116065
0.00116085
0.00116105
0.00116126
0.00116146
0.00116166
0.00116186
0.00116207
0.00116227
0.00116247
0.00116267
0.00116287
0.00116308
0.00116328
0.00116348
0.00116368
0.00116389
0.00116409
0.00116429
0.00116449
0.00116469
0.0011649
0.0011651
0.0011653
0.0011655
0.0011657
0.0011659
0.00116611
0.00116631
0.00116651
0.00116671
0.00116691
0.00116711
0.00116732
0.00116752
0.00116772
0.00116792
0.00116812
0.00116832
0.00116852
0.00116873
0.00116893
0.00116913
0.00116933
0.00116953
0.00116973
0.00116993
0.00117013
0.00117034
0.00117054
0.00117074
0.00117094
0.00117114
0.00117134
0.00117154
0.00117174
0.00117194
0.00117214
0.00117234
0.00117255
0.00117275
0.00117295
0.00117315
0.00117335
0.00117355
0.00117375
0.00117395
0.00117415
0.00117435
0.00117455
0.00117475
0.00117495
0.00117515
0.00117535
0.00117555
0.00117575
0.00117595
0.00117615
0.00117636
0.00117656
0.00117676
0.00117696
0.00117716
0.00117736
0.00117756
0.00117776
0.00117796
0.00117816
0.00117836
0.00117856
0.00117876
0.00117896
0.00117916
0.00117936
0.00117956
0.00117975
0.00117995
0.00118015
0.00118035
0.00118055
0.00118075
0.00118095
0.00118115
0.00118135
0.00118155
0.00118175
0.00118195
0.00118215
0.00118235
0.00118255
0.00118275
0.00118295
0.00118315
0.00118335
0.00118354
0.00118374
0.00118394
0.00118414
0.00118434
0.00118454
0.00118474
0.00118494
0.00118514
0.00118534
0.00118554
0.00118573
0.00118593
0.00118613
0.00118633
0.00118653
0.00118673
0.00118693
0.00118713
0.00118732
0.00118752
0.00118772
0.00118792
0.00118812
0.00118832
0.00118852
0.00118871
0.00118891
0.00118911
0.00118931
0.00118951
0.00118971
0.00118991
0.0011901
0.0011903
0.0011905
0.0011907
0.0011909
0.00119109
0.00119129
0.00119149
0.00119169
0.00119189
0.00119208
0.00119228
0.00119248
0.00119268
0.00119288
0.00119307
0.00119327
0.00119347
0.00119367
0.00119387
0.00119406
0.00119426
0.00119446
0.00119466
0.00119485
0.00119505
0.00119525
0.00119545
0.00119564
0.00119584
0.00119604
0.00119624
0.00119643
0.00119663
0.00119683
0.00119703
0.00119722
0.00119742
0.00119762
0.00119782
0.00119801
0.00119821
0.00119841
0.0011986
0.0011988
0.001199
0.0011992
0.00119939
0.00119959
0.00119979
0.00119998
0.00120018
0.00120038
0.00120057
0.00120077
0.00120097
0.00120116
0.00120136
0.00120156
0.00120175
0.00120195
0.00120215
0.00120234
0.00120254
0.00120274
0.00120293
0.00120313
0.00120333
0.00120352
0.00120372
0.00120392
0.00120411
0.00120431
0.00120451
0.0012047
0.0012049
0.00120509
0.00120529
0.00120549
0.00120568
0.00120588
0.00120607
0.00120627
0.00120647
0.00120666
0.00120686
0.00120705
0.00120725
0.00120745
0.00120764
0.00120784
0.00120803
0.00120823
0.00120843
0.00120862
0.00120882
0.00120901
0.00120921
0.0012094
0.0012096
0.0012098
0.00120999
0.00121019
0.00121038
0.00121058
0.00121077
0.00121097
0.00121116
0.00121136
0.00121155
0.00121175
0.00121194
0.00121214
0.00121234
0.00121253
0.00121273
0.00121292
0.00121312
0.00121331
0.00121351
0.0012137
0.0012139
0.00121409
0.00121429
0.00121448
0.00121468
0.00121487
0.00121507
0.00121526
0.00121546
0.00121565
0.00121585
0.00121604
0.00121623
0.00121643
0.00121662
0.00121682
0.00121701
0.00121721
0.0012174
0.0012176
0.00121779
0.00121799
0.00121818
0.00121837
0.00121857
0.00121876
0.00121896
0.00121915
0.00121935
0.00121954
0.00121973
0.00121993
0.00122012
0.00122032
0.00122051
0.00122071
0.0012209
0.00122109
0.00122129
0.00122148
0.00122168
0.00122187
0.00122206
0.00122226
0.00122245
0.00122265
0.00122284
0.00122303
0.00122323
0.00122342
0.00122361
0.00122381
0.001224
0.0012242
0.00122439
0.00122458
0.00122478
0.00122497
0.00122516
0.00122536
0.00122555
0.00122574
0.00122594
0.00122613
0.00122632
0.00122652
0.00122671
0.0012269
0.0012271
0.00122729
0.00122748
0.00122768
0.00122787
0.00122806
0.00122826
0.00122845
0.00122864
0.00122884
0.00122903
0.00122922
0.00122941
0.00122961
0.0012298
0.00122999
0.00123019
0.00123038
0.00123057
0.00123076
0.00123096
0.00123115
0.00123134
0.00123153
0.00123173
0.00123192
0.00123211
0.00123231
0.0012325
0.00123269
0.00123288
0.00123308
0.00123327
0.00123346
0.00123365
0.00123384
0.00123404
0.00123423
0.00123442
0.00123461
0.00123481
0.001235
0.00123519
0.00123538
0.00123558
0.00123577
0.00123596
0.00123615
0.00123634
0.00123654
0.00123673
0.00123692
0.00123711
0.0012373
0.0012375
0.00123769
0.00123788
0.00123807
0.00123826
0.00123845
0.00123865
0.00123884
0.00123903
0.00123922
0.00123941
0.0012396
0.0012398
0.00123999
0.00124018
0.00124037
0.00124056
0.00124075
0.00124095
0.00124114
0.00124133
0.00124152
0.00124171
0.0012419
0.00124209
0.00124228
0.00124248
0.00124267
0.00124286
0.00124305
0.00124324
0.00124343
0.00124362
0.00124381
0.001244
0.0012442
0.00124439
0.00124458
