/*--------------------------------*- C++ -*----------------------------------*\
| =========                 |                                                 |
| \\      /  F ield         | OpenFOAM: The Open Source CFD Toolbox           |
|  \\    /   O peration     | Version:  2406                                  |
|   \\  /    A nd           | Website:  www.openfoam.com                      |
|    \\/     M anipulation  |                                                 |
\*---------------------------------------------------------------------------*/
FoamFile
{
    version     2.0;
    format      binary;
    arch        "LSB;label=32;scalar=64";
    class       faceSet;
    location    "constant/polyMesh/sets";
    object      wrongFaces;
}
// * * * * * * * * * * * * * * * * * * * * * * * * * * * * * * * * * * * * * //


9229
(
49970
49971
33587
49972
33588
49973
33589
33590
33591
33592
49977
49978
49979
49980
33596
33597
33598
49983
33599
49984
33600
49985
33601
33602
49987
33603
49988
49989
49990
49993
49994
49995
49996
49998
49999
50000
33617
50002
33618
50003
33619
50004
33620
50005
33621
50006
33622
50007
33623
50008
33624
50009
33625
33626
33627
33628
33629
33630
50019
50020
50021
33637
50022
33638
33639
33640
33641
33642
33643
33644
50029
33645
50030
33646
50031
33647
50032
33648
50033
33649
50034
33650
50035
33651
33652
33653
50038
33654
50039
33655
50040
33656
50041
50043
50044
50045
50046
50047
50048
50049
50055
50056
50057
50058
50060
50061
50062
50063
50066
50067
50068
50070
50071
50072
33688
50073
33689
33690
33691
50076
33692
50077
33693
50078
33694
50079
33695
33696
33697
50082
33698
50083
33699
50084
33700
50085
33701
50086
33702
50087
33703
50088
33704
50089
33705
50090
33706
50091
33707
33708
33709
33710
33711
33717
33718
33719
33720
50106
50107
50108
50113
50114
50115
50122
50123
50124
50128
50129
50130
50131
33750
50135
33751
50136
33752
50137
33753
50138
50140
50141
50142
50143
50145
50146
50147
50148
50149
50150
50151
50152
50153
50154
50155
50156
50157
50158
33774
50159
33775
50160
33776
50161
33777
50162
33778
50163
33779
50164
33780
50165
33781
50166
33782
50167
33783
50168
33784
50169
33785
50170
33786
50171
33787
50172
33788
50173
33789
50174
33790
50175
50176
50177
50178
33797
33798
50183
33799
50184
50185
50188
50189
50190
50191
33809
50194
33810
50195
33811
50196
33812
50197
33813
33814
50199
33815
50200
33816
50201
33817
50202
33818
50203
33819
50204
33820
50205
33821
33822
50207
33823
50208
33824
50209
33825
50210
33826
50211
33827
50212
33828
50213
33829
33830
33831
33832
33833
33834
33835
33836
50221
33837
50222
33838
50223
33839
50224
33840
50225
33841
50226
33842
33843
33844
33845
33846
33847
33848
33849
33850
33851
50236
33852
50237
33853
50238
33854
33855
33856
33857
50242
33858
50243
33859
50244
33860
33861
33862
50247
33863
50248
33864
50249
33865
50250
33866
50251
33867
50252
33868
50253
33869
50254
50255
50256
50257
50258
50259
50260
50261
50262
50263
50264
50265
50266
50267
50268
50269
50270
50271
50272
50273
50274
50275
50276
50277
50278
50279
50280
50281
50282
50283
50284
50285
50286
50287
50288
50289
50290
50291
50292
50293
50294
50295
50296
50297
50298
50299
50300
50301
50302
50303
50304
50305
50306
50307
50308
50309
50310
50311
50312
50313
33931
33932
33933
50324
50325
50326
50329
50330
50331
50332
50333
50334
50336
50337
50338
50351
50352
50353
50361
50362
50363
50372
50373
50374
50378
50379
50380
50382
50383
50384
50385
50386
50387
50388
50389
50401
50402
50403
50406
50407
50408
34031
34032
34033
50418
50419
50420
50421
50422
50423
50424
50425
50426
50427
50428
50429
50430
50431
50432
50433
50434
50435
50436
50437
50438
50439
50440
50441
50442
50443
34063
34064
34065
34066
34068
34069
34070
34071
34072
34073
34074
34075
34076
34077
50461
34078
50462
34079
50463
34080
34081
34082
34083
34084
34088
34089
34090
34091
34092
34093
34094
50478
34095
50479
34096
50480
34097
34098
34099
34100
34101
34102
34103
34104
50489
50490
34107
50491
34109
34110
50494
34111
50495
50496
34114
34115
34116
34117
34122
34123
50507
34124
50508
34125
50509
34126
50510
34127
50511
50512
50513
50514
50515
50516
50517
50518
50519
50520
50521
34149
34150
34151
50535
34152
50536
34153
50537
34154
34155
34156
34157
50542
50543
50544
34163
50547
34164
50548
34165
50549
34166
50552
50553
34170
50554
34171
50555
34172
34173
34175
34176
34177
34178
34179
50563
34180
50564
34181
50565
34182
50566
34183
50570
34187
50571
34188
50572
34189
50573
34190
50574
34191
50575
34192
50576
34193
34194
50578
34195
50579
34196
50580
34197
50581
34198
50582
34199
50583
34200
50584
34201
50585
34202
50586
34203
50587
34204
34205
50589
34206
50590
34207
50591
34208
50592
34209
50593
34210
50594
34211
50595
34212
50596
34213
50597
34214
50598
34215
50599
34216
50600
34217
50601
34218
50602
34219
50603
34220
50604
34221
50605
34222
50606
34223
50607
34224
50608
34225
50609
34226
50610
34227
50611
34228
50612
34229
50613
34230
50614
34231
50615
34232
50616
34233
50617
34234
50618
34235
50619
34236
50620
34237
50621
34238
50622
34239
50623
34240
50624
34241
50625
34242
50626
34243
50627
34244
50628
34245
50629
34246
50630
34247
50631
34248
50632
34249
50633
34250
50634
34251
50635
34252
50636
34253
50637
34254
50638
34255
50639
34256
50640
34257
50641
34258
50642
34259
50643
34260
50644
34261
50645
34262
50646
34263
50647
34264
50648
34265
50649
34266
50650
34267
50651
34268
50652
34269
50653
34270
50654
34271
50655
34272
50656
34273
50657
34274
50658
34275
50659
34276
50660
34277
50661
34278
50662
34279
50663
34280
50664
34281
50665
34282
50666
34283
50667
34284
50668
34285
50669
34286
50670
34287
50671
34288
50672
34289
50673
34290
50674
34291
34292
34293
34294
34295
34296
34297
34298
34299
34300
34301
34302
34303
34304
34305
34306
34307
50691
34308
50692
34309
50693
34310
34311
34312
50696
34313
50697
34314
50698
34315
34316
34317
34318
34319
34320
34321
34322
34323
34324
34325
34326
34327
34328
34329
34330
34331
34332
50716
34333
50717
34334
50718
34335
34336
50720
34337
50721
34338
50722
34339
34340
34341
34342
34343
50728
50729
50730
50742
50743
50744
50747
50748
50749
50753
50754
50755
50770
50771
50772
50776
50777
50778
50779
34400
34401
34402
34403
50789
34406
50790
34407
50791
34408
50792
34409
50793
50794
34411
50795
34412
50796
34413
50797
34414
50798
34415
50799
34416
34417
34418
34419
34420
50804
34421
50805
34422
50806
34423
50807
34424
34425
50809
34426
50810
34427
50811
34428
50812
34429
34430
34431
34432
34433
34434
34435
34436
34437
50821
34438
50822
34439
50823
34440
50824
34441
50825
34442
50826
34443
34444
34445
50829
34446
50830
34447
50831
34448
50832
34449
50833
34450
50834
34451
50835
34452
34453
50837
34454
50838
34455
50839
34456
50840
34457
50841
34458
50842
34459
50843
50844
50845
50846
50847
50848
50849
50850
50851
50852
50853
50854
50855
50856
50857
50858
50859
34476
50860
34477
50861
34478
50862
34479
50863
34480
50864
34481
50865
34482
50866
34483
50867
34484
50868
34485
50869
34486
50870
34487
50871
50872
50873
50874
34491
50875
34492
50876
34493
50877
50878
34495
50879
34496
50880
34497
50881
34498
50882
50883
50884
50885
50886
34503
50887
34504
50888
34505
50889
34506
50890
50891
50892
50893
50894
34511
50895
34512
50896
34513
50897
34514
50898
34515
50899
34516
50900
34517
50901
34518
50902
34519
50903
34520
50904
34521
50905
34522
50906
34523
50907
34524
50908
34525
50909
34526
50910
34527
50911
34528
50912
34529
50913
34530
50914
34531
50915
34532
50916
34533
50917
34534
50918
34535
50919
34536
50920
34537
50921
34538
50922
34539
50923
34540
50924
34541
50925
34542
50926
34543
50927
34544
50928
34545
50929
34546
50930
34547
50931
34548
50932
34549
50933
34550
50934
34551
50935
34552
50936
34553
50937
34554
50938
34555
50939
34556
50940
34557
50941
34558
50942
34559
50943
34560
50944
34561
50945
34562
50946
34563
50947
34564
50948
34565
50949
34566
50950
34567
50951
34568
50952
34569
50953
34570
50954
34571
50955
34572
50956
34573
50957
34574
50958
34575
50959
34576
50960
34577
50961
34578
50962
34579
50963
34580
50964
34581
50965
34582
50966
34583
50967
34584
50968
34585
50969
34586
50970
34587
50971
34588
50972
34589
50973
34590
50974
34591
50975
34592
50976
34593
50977
34594
50978
34595
50979
34596
50980
34597
50981
34598
50982
34599
50983
34600
50984
34601
50985
34602
50986
34603
50987
34604
50988
34605
50989
34606
50990
34607
50991
34608
50992
34609
50993
34610
50994
34611
50995
34612
50996
34613
50997
34614
50998
34615
50999
34616
51000
34617
51001
34618
51002
34619
51003
34620
51004
34621
51005
34622
51006
34623
51007
34624
51008
34625
51009
34626
51010
34627
51011
34628
51012
34629
51013
34630
51014
34631
51015
34632
51016
34633
51017
34634
51018
34635
51019
34636
51020
34637
51021
34638
51022
34639
51023
34640
51024
34641
51025
34642
51026
34643
51027
34644
51028
34645
51029
34646
51030
34647
51031
34648
51032
34649
51033
34650
51034
34651
51035
34652
51036
34653
51037
34654
51038
34655
51039
34656
51040
34657
51041
34658
51042
34659
51043
34660
51044
34661
51045
34662
51046
34663
51047
34664
51048
34665
51049
34666
51050
34667
51051
34668
51052
34669
51053
34670
51054
34671
51055
34672
51056
34673
51057
34674
51058
34675
51059
34676
51060
34677
51061
34678
51062
34679
51063
34680
51064
34681
51065
34682
51066
34683
51067
34684
51068
34685
51069
34686
51070
34687
51071
34688
51072
34689
51073
34690
51074
34691
51075
34692
51076
34693
51077
34694
51078
34695
51079
34696
51080
34697
51081
34698
51082
34699
51083
34700
51084
34701
51085
34702
51086
34703
51087
34704
51088
34705
51089
34706
51090
34707
51091
34708
51092
34709
51093
34710
51094
34711
51095
34712
51096
34713
51097
34714
51098
34715
51099
34716
51100
34717
51101
34718
51102
34719
51103
34720
51104
34721
51105
34722
51106
34723
51107
34724
51108
34725
51109
34726
51110
34727
51111
34728
51112
34729
51113
51114
51115
51116
51117
51118
51119
51120
51121
51122
51123
51124
51125
51126
51127
51128
51129
51130
51131
51132
51133
51134
51135
51136
51137
51138
51139
51140
51141
51142
51143
51144
51145
51146
51147
51148
51149
51150
51151
51152
51153
51154
51155
51156
51157
51158
51159
51160
51161
51162
51163
51164
51165
51166
51167
51168
51169
51170
51171
51172
51173
51174
51175
51176
51177
51178
51179
51180
51181
51182
51183
51184
51185
51186
51187
51188
51189
51190
51191
51192
51193
51194
51195
51196
51197
51198
51199
51200
51201
51202
51203
51204
51205
51206
51207
51208
51723
51724
51725
51726
51727
51728
51729
51730
51731
51732
51733
51734
51735
51736
51737
51738
51739
51740
51741
51742
51743
51744
51745
51746
51747
51748
51749
51750
51751
51752
51753
51754
51755
51756
51757
51758
51759
51760
51761
51762
51763
51764
51765
51766
51767
51768
51769
51770
51771
51772
51773
51774
51775
51776
51777
51778
51783
51784
51785
51844
51845
51846
51847
51848
51849
51850
51851
51852
51853
51854
51855
51856
51857
51858
51859
51860
51861
51862
51863
51864
51865
51866
51867
51868
51869
51870
51871
51872
51873
51874
51875
51876
51877
51878
51896
51897
51898
51899
51900
51901
51902
51903
51904
51905
51906
51907
51908
51909
51910
51920
51921
51922
51924
51925
51926
51927
51928
51929
51930
51931
51932
51933
51934
51935
51964
51965
51966
51967
51978
51979
51980
51981
51982
51983
51984
51985
51986
51987
51989
51990
51991
51992
51993
51994
51995
51999
52000
52001
52002
52003
52004
52005
52006
52007
52008
52009
52010
52011
52012
52013
52014
52015
52016
52017
52018
52019
52020
52021
52022
52023
52024
52025
52026
52027
52028
52029
52030
52031
52032
52033
52034
52035
52036
52037
52038
52039
52040
52041
52042
52043
52044
52045
52046
52047
52048
52049
52050
52051
52052
52053
52054
52055
52056
52057
52058
52059
52060
52061
52062
52063
52064
52065
52066
52067
52068
52069
52070
52071
52072
52073
52074
52075
52076
52077
52078
52079
52080
52081
52082
52083
52084
52085
52086
52087
52088
52089
52090
52091
52092
52093
52094
52095
52096
52097
52098
52099
52100
52101
52102
52103
52104
52105
52106
52107
52108
52109
52110
52111
52112
52113
52114
52115
52116
52117
52118
52119
52120
52121
52122
52123
52124
52125
52126
52127
52128
52129
52130
52131
52132
52133
52134
52135
52136
52137
52138
52139
52140
52141
52142
52143
52144
52145
52146
52147
52148
52149
52150
52151
52152
52153
52154
52155
52156
52157
52158
52159
52160
52161
52162
52163
52164
52165
52166
52167
52168
52169
52170
52171
52172
52173
52174
52175
52176
52177
52178
52179
52180
52181
52182
52183
52184
52185
52186
52187
52188
52189
52190
52191
52192
52193
52194
52195
52196
52197
52198
52199
52200
52201
52202
52203
52204
52205
52206
52207
52208
52209
52210
52211
52212
52213
52214
52215
52216
52217
52218
52219
52220
52221
52222
52223
52224
52225
52226
52227
52228
52229
52230
52231
52232
52233
52234
52235
52236
52237
52238
52239
52240
52241
52242
52243
52244
52245
52246
52247
52248
52249
52250
52251
52252
52253
52254
52255
52256
52257
52258
52259
52260
52261
52262
52263
52264
52265
52266
52267
52268
52269
52270
52271
52272
52273
52274
52275
52276
52277
52278
52279
52280
52281
52282
52283
52284
52285
52286
52287
52288
52289
52290
52291
52292
52293
52294
52295
52296
52297
52298
52299
52300
52301
52302
52303
52304
52305
52306
52307
52308
52309
52310
52311
52312
52313
52314
52315
52316
52317
52318
52319
52320
52321
52322
52323
52324
52325
52326
52327
52328
52329
52330
52331
52332
52333
52334
52335
52336
52337
52338
52339
52340
52341
52342
52343
52344
52345
52346
52347
52348
52349
52350
52351
52352
52353
52354
52355
52356
52357
52358
52359
52360
52361
52362
52363
52364
52365
52366
52367
52368
52369
52370
52371
52372
52373
52374
52375
52376
52377
52378
52379
52380
52381
52382
52383
52384
52385
52386
52387
52388
52389
52390
52391
52392
52393
52394
52395
52396
52397
52398
52399
52400
52401
52402
52403
52404
52405
52406
52407
52408
52409
52410
52411
52412
52413
52414
52415
52416
52417
52418
52419
52420
52421
52422
52423
52424
52425
52426
52427
52428
52429
52430
52431
52432
52433
52434
52435
52436
52437
52438
52439
52440
52441
52442
52443
52444
52445
52446
52447
52448
52449
52450
52451
52452
52453
52454
52455
52456
52457
52458
52459
52460
52461
52462
52463
52464
52465
52466
52467
52468
52469
52470
52471
52472
52473
52474
52475
52476
52477
52478
52479
52480
52481
52482
52483
52484
52485
52486
52487
52488
52489
52490
52491
52492
52493
52494
52495
52496
52497
52498
52499
52500
52501
52502
52503
52504
52505
52506
52507
52508
52509
52510
52511
52512
52513
52514
52515
52516
52517
52518
52519
52520
52521
52522
52523
52524
52525
52526
52527
52528
52529
52530
52531
52532
52533
52534
52535
52536
52537
52538
52539
52540
52541
52542
52543
52544
52545
52546
52547
52548
52549
52550
52551
52552
52553
52554
52555
52556
52557
52558
52559
52560
52561
52562
52563
52564
52565
52566
52567
52593
52594
52595
52601
52602
52603
52604
52605
52606
52607
52608
52609
52610
52611
52612
52613
52614
52615
52616
52617
52618
52619
52620
52621
52622
52623
52624
52625
52626
52627
52628
52629
52630
52631
52632
52633
52634
52635
52636
52637
52638
52639
52640
52641
52642
52643
52644
52645
52646
52647
52648
52649
52650
52651
52652
52653
52654
52655
52656
52657
52658
52659
52660
52661
52662
52663
52664
52665
52666
52667
52668
52669
52670
52671
52672
52673
52674
52675
52676
52677
52678
52679
52680
52681
52682
52683
52684
52685
52686
52687
52688
52689
52690
52691
52692
52693
52694
52695
52696
52697
52698
52699
52700
52701
52702
52703
52704
52705
52706
52707
52708
52709
52710
52711
52712
52713
52714
52715
52716
52717
52718
52719
52720
52721
52722
52723
52724
52725
52726
52727
52728
52729
52730
52731
52732
52733
52734
52735
52736
52737
52738
52739
52740
52741
52742
52743
52744
52745
52746
52747
52748
52749
52750
52751
52752
52753
52754
52755
52756
52757
52758
52759
52760
52761
52762
52763
52764
52765
52766
52767
52768
52769
52770
52771
52772
52773
52774
52775
52776
52777
52778
52779
52780
52781
52782
52783
52784
52785
52786
52787
52788
52789
52790
52791
52792
52793
52794
52795
52796
52797
52798
52799
52800
52801
52802
52803
52804
52805
52806
52807
52808
52809
52810
52811
52812
52813
52814
52815
52816
52817
52818
52819
52820
52821
52822
52823
52824
52825
52826
52827
52828
52829
52830
52831
52832
52833
52834
52835
52836
52837
52838
52839
52840
52841
52842
52843
52844
52845
52846
52847
52848
52849
52850
52851
52852
52853
52854
52855
52856
52857
52858
52859
52860
52861
52862
52863
52864
52865
52866
52867
52868
52869
52870
52871
52872
52873
52874
52875
52876
52877
52878
52879
52880
52881
52882
52883
52884
52885
52886
52887
52888
52889
52890
52891
52892
52893
52894
52895
52896
52897
52898
52899
52900
52901
52902
52903
52904
52905
52906
52907
52908
52909
52910
52911
52912
52913
52914
52915
52916
52917
52918
52919
52920
52921
52922
52923
52924
52925
52926
52927
52928
52929
52930
52931
52932
52933
52934
52935
52936
52937
52938
52939
52940
52941
52942
52943
52944
52945
52946
52947
52948
52949
52950
52951
52952
52953
52954
52955
52956
52957
52958
52959
52960
52961
52962
52963
52964
52965
52966
52967
52968
52969
52970
52971
52972
52973
52974
52975
52976
52977
52978
52979
52980
52981
52982
52983
52984
52985
52986
52987
52988
52989
52990
52991
52992
52993
52994
52995
52996
52997
52998
52999
53000
53001
53002
53003
53004
53005
53006
53007
53008
53009
53010
53011
53012
53013
53014
53015
53016
53017
53018
53019
53020
53021
53022
53023
53024
53025
53026
53027
53028
53029
53030
53031
53032
53033
53034
53035
53036
53037
53038
53039
53040
53041
53042
53043
53044
53045
53046
53047
53048
53049
53050
53051
53052
53053
53054
53055
53056
53057
53058
53059
53060
53061
53062
53063
53064
53065
53066
53067
53068
53069
53070
53071
53072
53073
53074
53075
53076
53077
53078
53079
53080
53081
53082
53083
53084
53085
53086
53087
53088
53089
53090
53091
53092
53093
53094
53095
53096
53097
53098
53099
53100
53101
53102
53103
53104
53105
53106
53107
53108
53109
53110
53111
53112
53113
53114
53115
53116
53117
53118
53119
53120
53121
53122
53123
53124
53125
53126
53127
53128
53129
53130
53131
53132
53133
53134
53135
53136
53137
53138
53139
53140
53141
53142
53143
53144
53145
53146
53147
53148
53149
53150
53151
53152
53153
53154
53155
53156
53157
53158
53159
53160
53161
53162
53163
53164
53165
53166
53167
53168
53169
53183
53184
53185
53186
53187
53188
53189
53190
53191
53192
53193
53194
53195
53196
53197
53198
53199
53200
53201
53202
53203
53204
53205
53206
53207
53208
53209
53210
53211
53212
53213
53214
53215
53216
53217
53218
53219
53220
53221
53222
53223
53224
53225
53226
53227
53228
53229
53230
53231
53232
53233
53234
53235
53236
53237
53238
53239
53240
53241
53242
53243
53244
53245
53246
53247
53248
53249
53250
53251
53252
53253
53254
53255
53256
53257
53258
53259
53260
53261
53262
53263
53264
53265
53266
53267
53268
53269
53270
53271
53272
53273
53274
53275
53276
53277
53278
53279
53280
53281
53282
53283
53284
53285
53286
53287
53288
53289
53290
53291
53292
53293
53294
53295
53296
53297
53298
53299
53300
53301
53302
53303
53304
53305
53306
53307
53308
53309
53310
53311
53312
53313
53314
53315
53316
53317
53318
53319
53320
53321
53322
53323
53324
53325
53326
53327
53328
53329
53330
53331
53332
53333
53334
53335
53336
53337
53338
53339
53340
53341
53342
53343
53344
53345
53346
53347
53348
53349
53350
53351
53352
53353
53354
53355
53356
53357
53358
53359
53360
53361
53362
53363
53364
53365
53366
53367
53368
53369
53370
53371
53372
53373
53374
53375
53376
53377
53378
53379
53380
53381
53382
53383
53384
53385
53386
53387
53388
53389
53390
53391
53392
53393
53394
53395
53396
53397
53398
53399
53400
53401
53402
53403
53404
53405
53406
53407
53408
53409
53410
53411
53412
53413
53414
53415
53416
53417
53418
53419
53420
53421
53422
53423
53424
53425
53426
53427
53428
53429
53430
53431
53432
53433
53434
53435
53436
53437
53438
53439
53440
53441
53442
53443
53444
53445
53446
53447
53448
53449
53450
53451
53452
53453
53454
53455
53456
53457
53458
53459
53460
53461
53462
53463
53464
53465
53466
53467
53468
53469
53470
53471
53472
53473
53474
53475
53476
53477
53478
53479
53480
53481
53482
53483
53484
53485
53486
53487
53488
53489
53490
53491
53492
53493
53494
53495
53496
53497
53498
53499
53500
53501
53502
53503
53504
53505
53506
53507
53508
53509
53510
53511
53512
53513
53514
53515
53516
53517
53518
53519
53520
53521
53522
53523
53524
53525
53526
53527
53528
53529
53530
53531
53532
53533
53534
53535
53536
53537
53538
53539
53540
53541
53542
53543
53544
53545
53546
53547
53548
53549
53550
53551
53552
53553
53554
53555
53556
53557
53558
53559
53560
53561
53562
53563
53564
53565
53566
53567
53568
53569
53570
53571
53572
53573
53574
53575
53576
53577
53578
53579
53580
53581
53582
53583
53584
53585
53586
53587
53588
53589
53590
53591
53592
53593
53594
53595
53596
53597
53598
53599
53600
53601
53602
53603
53604
53605
53606
53607
53608
53609
53610
53611
53612
53613
53614
53615
53616
53617
53618
53619
53620
53621
53622
53623
53624
53625
53626
53627
53628
53629
53630
53631
53632
53633
53634
53635
53636
53637
53638
53639
53640
53641
53642
53643
53644
53645
53646
53647
53648
53649
53650
53651
53652
53653
53654
53655
53656
53657
53658
53659
53660
53661
53662
53663
53664
53665
53666
53667
53668
53669
53670
53671
53672
53673
53674
53675
53676
53677
53678
53679
53680
53681
53682
53683
53684
53685
53686
53687
53688
53689
53690
53691
53692
53693
53694
53695
53696
53697
53698
53699
53700
53701
53702
53703
53704
53705
53706
53707
53708
53709
53710
53711
53712
53713
53714
53715
53716
53717
53718
53719
53720
53721
53722
53723
53724
53725
53726
53727
53728
53729
53730
53731
53732
53733
53734
53735
53736
53737
53738
53739
53740
53741
53742
53743
53744
53745
53746
53747
53748
53749
53750
53751
53752
53753
53754
53755
53756
53757
53758
53759
53760
53761
53762
53763
53764
53765
53766
53767
53768
53769
53770
53771
53772
53773
53774
53775
53776
53777
53778
53779
53780
53781
53782
53783
53784
53785
53786
53787
53788
53789
53790
53791
53792
53793
53794
53795
53796
53797
53798
53799
53800
53801
53802
53803
53804
53805
53806
53807
53808
53809
53810
53811
53812
53813
53814
53815
53816
53817
53818
53819
53820
53821
53822
53823
53824
53825
53826
53827
53828
53829
53830
53831
53832
53833
53834
53835
53836
53837
53838
53839
53840
53841
53842
53843
53844
53845
53846
53847
53848
53849
53850
53851
53852
53853
53854
53855
53856
53857
53858
53859
53860
53861
53862
53863
53864
53865
53866
53867
53868
53869
53870
53871
53872
53873
53874
53875
53876
53877
53878
53879
53880
53881
53882
53883
53884
53885
53886
53887
53888
53889
53890
53891
53892
53893
53894
53895
53896
53897
53898
53899
53900
53901
53902
53903
53904
53905
53906
53907
53908
53909
53910
53911
53912
53913
53914
53915
53916
53917
53918
53919
53920
53921
53922
53923
53924
53925
53926
53927
53928
53929
53930
53931
53932
53933
53934
53935
53936
53937
53938
53939
53940
53941
53942
53943
53944
53945
53946
53947
53948
53949
53950
53951
53952
53963
53964
53965
53966
53967
53968
53969
53970
53971
53972
53973
53974
53975
53976
53977
53978
53979
53980
53981
53982
53983
53984
53985
53986
53987
53988
53989
53990
53991
53992
53993
53994
53995
53996
53997
53998
53999
54000
54001
54002
54003
54004
54005
54006
54007
54008
54009
54010
54011
54012
54013
54014
54015
54016
54017
54018
54019
54020
54021
54022
54023
54024
54025
54026
54027
54028
54029
54030
54031
54032
54033
54034
54035
54036
54037
54038
54039
54040
54041
54042
54043
54044
54045
54046
54047
54048
54049
54050
54051
54052
54053
54054
54055
54056
54057
54058
54059
54060
54061
54062
54063
54064
54065
54066
54067
54068
54069
54070
54071
54072
54073
54074
54075
54076
54077
54078
54079
54080
54081
54082
54083
54084
54085
54086
54087
54088
54089
54090
54091
54092
54093
54094
54095
54096
54097
54098
54099
54100
54101
54102
54103
54104
54105
54106
54107
54108
54109
54110
54111
54112
54113
54114
54115
54116
54117
54118
54119
54120
54121
54122
54123
54124
54125
54126
54127
54128
54129
54130
54131
54132
54133
54134
54135
54136
54137
54138
54139
54140
54141
54142
54143
54144
54145
54146
54147
54148
54149
54150
54151
54152
54153
54154
54155
54156
54157
54158
54159
54160
54161
54162
54163
54164
54165
54166
54167
54168
54169
54170
54171
54172
54173
54174
54175
54176
54177
54178
54179
54180
54181
54182
54183
54184
54185
54186
54187
54188
54189
54190
54191
54192
54193
54194
54195
54196
54197
54198
54199
54200
54201
54202
54203
54204
54205
54206
54207
54208
54209
54210
54211
54212
54213
54214
54215
54216
54217
54218
54219
54220
54221
54222
54223
54224
54225
54226
54227
54228
54229
54230
54231
54232
54233
54234
54235
54236
54237
54238
54239
54240
54241
54242
54243
54244
54245
54246
54247
54248
54249
54250
54251
54252
54253
54254
54255
54256
54257
54258
54259
54260
54261
54262
54263
54264
54265
54266
54267
54268
54269
54270
54271
54272
54273
54274
54275
54276
54277
54278
54279
54280
54281
54282
54283
54284
54285
54286
54287
54288
54289
54290
54291
54292
54293
54294
54295
54296
54297
54298
54299
54300
54301
54302
54303
54304
54305
54306
54307
54308
54309
54310
54311
54312
54313
54314
54315
54316
54317
54318
54319
54320
54321
54322
54323
54324
54325
54326
54327
54328
54329
54330
54331
54332
54333
54334
54335
54336
54337
54338
54339
54340
54341
54342
54343
54344
54345
54346
54347
54348
54349
54350
54351
54352
54353
54354
54355
54356
54357
54358
54359
54360
54361
54362
54363
54364
54365
54366
54367
54368
54369
54370
54371
54372
54373
54374
54375
54376
54377
54378
54379
54380
54381
54382
54383
54384
54385
54386
54387
54388
54389
54390
54391
54392
54393
54394
54395
54396
54397
54398
54399
54400
54401
54402
54403
54404
54405
54406
54407
54408
54409
54410
54411
54412
54413
54414
54415
54416
54417
54418
54419
54420
54421
54422
54423
54424
54425
54426
54427
54428
54429
54430
54431
54432
54433
54434
54435
54436
54437
54438
54439
54440
54441
54442
54443
54444
54445
54446
54447
54448
54449
54450
54451
54452
54453
54454
54455
54456
54457
54458
54459
54460
54461
54462
54463
54464
54465
54466
54467
54468
54469
54470
54471
54472
54473
54474
54475
54476
54477
54478
54479
54480
54481
54482
54483
54484
54485
54486
54487
54488
54489
54490
54491
54492
54493
54494
54495
54496
54497
54498
54499
54500
54501
54502
54503
54504
54505
54506
54507
54508
54509
54510
54511
54512
54513
54514
54515
54516
54517
54518
54519
54520
54521
54522
54523
54524
54525
54526
54527
54528
54529
54530
54531
54532
54533
54534
54535
54536
54537
54538
54539
54540
54541
54542
54543
54544
54545
54546
54547
54548
54549
54550
54551
54552
54553
54554
54555
54556
54557
54558
54559
54560
54561
54562
54563
54564
54565
54566
54567
54568
54569
54570
54571
54572
54573
54574
54575
54576
54577
54578
54579
54580
54581
54582
54583
54584
54585
54586
54587
54588
54589
54590
54591
54592
54593
54594
54595
54596
54597
54598
54599
54600
54601
54602
54603
54604
54605
54606
54607
54608
54609
54610
54611
54612
54613
54614
54615
54616
54617
54618
54619
54620
54621
54622
54623
54624
54625
54626
54627
54628
54629
54630
54631
54632
54633
54634
54635
54636
54711
54712
54713
54714
55307
55308
55309
55310
55311
55312
55313
55314
55315
55316
55317
55318
55319
55320
55321
55322
55335
55336
55337
55338
55339
55340
55341
55342
55343
55344
55345
55346
55347
55348
55349
55350
55351
55352
55353
55354
55367
55368
55369
55370
55371
55372
55373
55374
55375
55376
55377
55378
55379
55380
55381
55382
55383
55384
55385
55386
55387
55388
55389
55390
55391
55392
55393
55394
55395
55396
55397
55398
55399
55400
55401
55402
55403
55404
55405
55406
55407
55408
55409
55410
55411
55412
55413
55414
55475
55476
55477
55558
55559
55560
55561
55562
55563
55564
55565
55566
55567
55568
55569
55570
55571
55572
55573
55574
55575
55576
55577
55578
55579
55592
55593
55594
55595
55596
55597
55598
55599
55600
55601
55602
55603
55604
55605
55606
55607
55608
55609
55610
55611
55612
55613
55614
55615
55616
55617
55618
55619
55782
55783
55784
55785
55786
55787
55788
55789
55859
55860
55861
55862
55863
55864
55865
55866
55867
55868
55869
55870
55887
55888
55889
55890
55906
55907
55908
55909
55910
55911
55912
55913
55914
55915
55916
55917
55918
55919
55938
55939
55940
55941
55942
55943
55944
55945
55946
55947
55948
55949
55950
55951
55952
55953
55954
55955
55956
55957
55958
55959
55960
55961
55962
55963
55964
55965
55966
55967
55968
55969
55970
56007
56008
56009
56011
56012
56013
56014
56015
56016
56017
56018
56019
56020
56021
56022
56023
56024
56025
56026
56027
56028
56029
56030
56031
56032
56033
56034
56035
56036
56037
56038
56039
56040
56041
56042
56043
56044
56045
56046
56047
56048
56049
56050
56051
56052
56053
56054
56055
56056
56057
56058
56059
56060
56061
56062
56063
56064
56065
56066
56067
56068
56069
56070
56071
56072
56073
56074
56075
56076
56077
56078
56079
56080
56081
56082
56083
56084
56085
56086
56087
56088
56089
56090
56091
56092
56093
56094
56095
56096
56097
56098
56099
56100
56101
56102
56103
56104
56105
56106
56107
56108
56109
56110
56111
56112
56113
56114
56115
56116
56117
56118
56119
56120
56121
56122
56123
56124
56125
56126
56127
56128
56129
56130
56131
56132
56133
56134
56135
56136
56137
56138
56139
56140
56141
56142
56143
56144
56145
56146
56147
56148
56149
56150
56151
56152
56153
56154
56155
56156
56157
56158
56159
56160
56161
56162
56163
56164
56165
56166
56167
56168
56169
56170
56171
56172
56173
56174
56175
56176
56177
56178
56179
56180
56181
56182
56183
56184
56185
56186
56187
56188
56189
56190
56191
56192
56193
56194
56195
56196
56197
56198
56199
56200
56201
56202
56203
56204
56205
56206
56207
56208
56209
56210
56211
56212
56213
56214
56215
56216
56217
56218
56219
56220
56221
56222
56223
56224
56225
56226
56227
56228
56229
56230
56231
56232
56233
56234
56235
56243
56244
56245
56246
56247
56248
56249
56250
56251
56252
56253
56254
56255
56256
56257
56258
56259
56260
56261
56262
56263
56264
56265
56266
56267
56268
56269
56270
56271
56272
56273
56274
56275
56276
56277
56278
56279
56280
56281
56282
56283
56284
56285
56286
56287
56288
56289
56290
56291
56292
56293
56294
56295
56296
56297
56298
56299
56300
56301
56302
56303
56304
56305
56306
56307
56308
56309
56310
56311
56312
56313
56314
56315
56316
56317
56318
56319
56320
56321
56322
56323
56324
56325
56326
56327
56328
56329
56330
56331
56332
56333
56334
56335
56336
56337
56338
56339
56340
56341
56342
56343
56344
56345
56346
56347
56348
56349
56350
56351
56352
56353
56354
56355
56356
56357
56358
56359
56360
56361
56362
56363
56364
56365
56366
56367
56368
56369
56370
56371
56372
56373
56374
56375
56376
56377
56378
56379
56380
56381
56382
56383
56384
56385
56386
56387
56388
56389
56390
56391
56392
56393
56394
56395
56396
56397
56398
56399
56400
56401
56402
56403
56404
56405
56406
56407
56408
56409
56410
56411
56412
56413
56414
56415
56416
56417
56418
56419
56420
56421
56422
56423
56424
56425
56426
56427
56428
56429
56430
56431
56432
56433
56434
56435
56436
56437
56438
56439
56440
56441
56442
56443
56444
56445
56446
56447
56448
56449
56450
56451
56452
56453
56454
56455
56456
56457
56458
56459
56460
56461
56462
56463
56464
56465
56466
56467
56468
56469
56470
56471
56472
56473
56474
56475
56476
56477
56478
56479
56480
56532
56533
56534
56535
56536
56537
56538
56539
56540
56541
56542
56543
56544
56545
56546
56547
56548
56549
56550
56551
56552
56553
56554
56555
56556
56557
56558
56559
56560
56561
56562
56563
56564
56565
56566
56567
56568
56569
56570
56571
56572
56573
56574
56575
56576
56577
56578
56579
56580
56581
56582
56583
56584
56585
56586
56587
56588
56589
56590
56591
56592
56593
56594
56595
56596
56597
56598
56599
56600
56601
56602
56603
56604
56605
56606
56607
56608
56609
56610
56611
56612
56613
56614
56615
56616
56617
56618
56619
56620
56621
56622
56623
56624
56625
56626
56627
56628
56629
56630
56631
56632
56633
56634
56635
56636
56637
56638
56639
56640
56641
56642
56643
56644
56645
56646
56647
56648
56649
56650
56651
56652
56653
56654
56655
56656
56657
56658
56659
56660
56661
56662
56663
56664
56665
56666
56667
56668
56674
56675
56676
56677
56678
56679
56680
56681
56695
56696
56697
56698
56699
56700
56701
56702
56703
56704
56705
56706
56707
56708
56709
56710
56711
56712
56713
56714
56715
56716
56717
56718
56719
56720
56721
56722
56723
56724
56725
56726
56727
56728
56729
56730
56731
56732
56733
56734
56735
56736
56737
56738
56739
56740
56741
56742
56743
56744
56745
56746
56747
56748
56749
56750
56751
56752
56753
56754
56755
56756
56757
56758
56759
56760
56761
56762
56763
56764
56765
56766
56767
56768
56769
56770
56771
56772
56773
56774
56775
56776
56777
56778
56779
56780
56781
56782
56783
56784
56785
56786
56787
56788
56789
56790
56791
56792
56793
56794
56795
56796
56797
56798
56799
56800
56801
56802
56803
56804
56805
56806
56807
56808
56809
56810
56811
56812
56813
56814
56815
57173
57174
57175
57176
57177
57178
57205
57206
57232
57233
57234
57235
57236
57237
57238
57239
57240
57241
57242
57243
57244
57245
57246
57247
57248
57249
57250
57251
57252
57253
57263
57264
57265
57266
57404
57405
57406
57407
57408
57409
57410
57411
57412
57413
57414
57415
57416
57417
57418
57419
57420
57421
57422
57423
57424
57425
57426
57427
57428
57429
57430
57431
57432
57433
57434
57435
57436
57437
57438
57439
57440
57441
57442
57443
57444
57445
57446
57447
57455
57456
57457
57458
57459
57460
57461
57462
57463
57464
57465
57466
57467
57468
57469
57470
57471
57472
57473
57474
57475
57536
57537
57538
57539
57540
57541
57542
57543
57544
57545
57546
57547
57548
57549
57550
57551
57552
57553
57556
57557
57558
57559
57560
57561
57562
57563
57811
57812
57813
57814
59783
59784
59785
59786
59787
59788
59789
59790
59791
59792
59793
59794
59795
59796
59797
59798
59799
59800
59801
59802
59803
59804
59805
59806
59807
59808
59809
59810
59811
59812
59813
59814
59815
59816
59817
59818
59819
59820
59821
59822
59823
59824
59825
59826
59827
59828
59829
59830
59831
59832
59833
59834
59835
59836
59837
59838
59839
59840
59841
59842
59843
59844
59845
59846
59847
59848
59849
59850
59851
59852
59853
59854
59855
59856
59857
59858
59859
59860
59861
59862
59863
59864
59865
59866
59867
59868
59869
59870
59871
59872
59873
59874
59875
59876
59877
59878
59879
59880
59881
59882
59883
59884
59885
59886
59887
59888
59889
59890
59891
59892
59893
59894
59895
59896
59897
59898
59899
59900
59901
59902
59903
59904
59905
59906
59907
59908
59909
59910
59911
59912
59913
59914
59915
59916
59917
59918
59919
59920
59921
59922
59923
59924
59925
59926
59927
59928
59929
59930
59931
59932
59933
59934
59935
59936
59937
59938
59939
59940
59941
59942
59943
59944
59945
59946
59947
59948
59949
59950
59951
59952
59953
59954
59955
59956
59957
59958
59959
59960
59961
59962
59963
59964
59965
59966
59967
59968
59969
59970
59971
59972
59973
59974
59975
59976
59977
59978
59979
59980
59981
59982
59983
59984
59985
59986
59987
59988
59989
59990
59991
59992
59993
59994
59995
59996
59997
59998
59999
60000
60001
60002
60003
60004
60005
60006
60007
60008
60009
60010
60011
60012
60013
60014
60015
60016
60017
60018
60019
60020
60021
60022
60023
60024
60025
60026
60027
60028
60029
60030
60031
60032
60033
60034
60035
60036
60037
60038
60039
60040
60041
60042
60043
60044
60045
60046
60047
60048
60049
60050
60051
60052
60053
60054
60055
60056
60057
60058
60059
60060
60061
60062
60063
60064
60065
60066
60067
60068
60069
60070
60071
60072
60073
60074
60075
60076
60077
60078
60079
60080
60081
60082
60083
60084
60085
60086
60087
60088
60089
60090
60091
60092
60093
60094
60095
60096
60097
60098
60099
60100
60101
60102
60103
60104
60105
60106
60107
60108
60109
60110
60111
60112
60113
60114
60115
60116
60117
60118
60119
60120
60121
60122
60123
60124
60125
60126
60127
60128
60129
60130
60131
60132
60133
60134
60135
60136
60137
60138
60139
60140
60141
60142
60143
60144
60145
60146
60147
60148
60149
60150
60151
60152
60153
60154
60155
60156
60157
60158
60159
60160
60161
60162
60163
60164
60165
60166
60167
60168
60169
60170
60171
60172
60173
60174
60175
60176
60177
60178
60179
60180
60181
60182
60183
60184
60185
60186
60187
60188
60189
60190
60191
60192
60193
60194
60195
60196
60197
60198
60199
60200
60201
60202
60203
60204
60205
60206
60207
60208
60209
60210
60211
60212
60213
60214
60215
60216
60217
60218
60219
60220
60221
60222
60223
60224
60225
60226
60227
60228
60229
60905
60907
60908
60909
60910
60911
60912
60914
60924
60925
60926
60928
60929
60931
60932
60933
60935
60936
60937
60938
60939
60941
60942
60946
60947
60948
60949
60951
60952
60953
60954
60955
60957
60958
60959
60960
60962
60963
60965
60966
61050
61051
61052
61053
61054
61055
61056
61057
61067
61068
61069
61070
61071
61110
61130
61131
61132
61133
61134
61135
61139
61140
61141
61142
61143
61144
61159
61160
61161
61162
61163
61164
61168
61169
61170
61171
61172
61173
62120
62121
62123
62124
62125
62127
62128
62129
62130
62131
62132
62135
62136
62137
62138
62139
62140
62142
62143
62146
62150
62151
62152
62153
62154
62156
62157
62158
62159
62162
62164
62165
62166
62167
62168
62169
62170
62205
62207
62208
62209
62210
62211
62212
62213
62214
62221
62222
62223
62224
62225
62226
62227
62228
62229
62230
62231
62232
62233
62234
62235
62236
62237
62238
62239
62240
62241
62242
62243
62244
62245
62246
62247
62248
62249
62250
62251
62252
62253
62254
62267
62269
62270
62271
62272
62273
62274
62275
62276
62277
62278
62279
62281
62282
62283
62284
62285
62286
62293
62294
62295
62296
62297
62298
62299
62300
62301
62302
62303
62305
62306
62307
62308
62309
62311
62312
62313
62314
62316
62317
62318
62319
62320
62321
62322
62323
62324
62325
62327
62328
45945
62330
45946
62331
62332
62333
62334
45950
62335
45951
62336
45952
62337
45953
62338
45954
62339
45955
62340
62341
62342
62343
62344
62345
62346
62347
62348
62349
62350
62351
62352
62353
62354
62355
62356
62357
62358
62359
62360
62361
62362
62363
62364
62365
62366
62367
62368
62369
62370
62371
62372
62373
62374
62375
62376
62377
62378
62379
62380
62381
62382
62383
62384
62385
62386
62387
62388
62389
62390
62391
62392
62393
62394
62395
62396
62397
62398
62399
62400
62401
62402
62403
62404
62405
62406
62407
62408
62409
62410
62411
62412
62413
62414
62415
62416
62417
62418
62419
62420
62421
62422
62423
62424
62425
62426
62427
62428
62429
62430
62431
62432
62433
62434
46078
46079
46080
46081
46085
46090
46091
46092
46125
46126
46127
46128
46129
46130
46131
46132
46133
46134
46135
46136
46137
46138
46139
46140
46141
46142
46143
46144
46145
46146
46147
46148
46149
46150
46151
46152
46153
46154
46155
46156
46157
46158
46159
46160
46161
46162
46163
46164
46165
46166
46167
46168
46169
46170
46171
46172
46173
46174
46175
46176
46177
46178
46179
46180
46181
46182
46183
46184
46185
46186
46187
46188
46189
46190
46191
46192
46193
46194
46195
46196
46197
46198
46199
46200
46201
46202
46203
46204
46205
46206
46207
46208
46209
46210
46211
46212
46213
46214
46215
46216
46217
46218
46219
46220
46221
46222
46223
46224
46225
46226
62611
46227
62612
46228
62613
46229
62614
46230
62615
46231
62616
46232
62617
46233
62618
46234
62619
46235
62620
46236
62621
46237
62622
46238
62623
46239
62624
46240
62625
46241
62626
46242
62627
46243
46244
46245
46246
62631
46247
62632
46248
62633
46249
62634
46250
46251
46252
46253
46254
46255
46256
46257
46258
46259
46260
46261
46262
46263
46264
46265
46266
46267
46268
46269
46270
62655
46271
62656
46272
62657
46273
62658
46274
62659
46275
62660
46276
62661
46277
62662
46278
62663
46279
62664
46280
62665
46281
62666
46282
62667
46283
62668
46284
62669
46285
62670
46286
62671
46287
62672
46288
46289
46290
46291
46292
46293
46294
46295
46296
62681
46297
62682
46298
62683
46299
46300
46301
46302
62687
46303
62688
46304
46305
46306
46307
62692
46308
62693
46309
62694
46310
62695
46311
62696
46312
62697
46313
62698
46314
46315
46316
46317
46318
46319
46320
46321
62706
46322
62707
46323
46324
46325
62710
46326
62711
46327
62712
46328
62713
46329
62714
46330
62715
46331
46332
46333
46334
62719
46335
62720
46336
62721
46337
62722
46338
62723
46339
62724
46340
62725
46341
46342
46343
62728
46344
62729
46345
62730
46346
62731
46347
62732
46348
62733
46349
62734
46350
62735
46351
62736
46352
62737
46353
62738
46354
62739
46355
62740
46356
62741
46357
62742
46358
62743
46359
62744
46360
62745
46361
62746
46362
62747
46363
62748
46364
62749
46365
62750
46366
62751
46367
62752
46368
62753
46369
62754
62755
62756
62757
62758
62759
62760
62761
62762
62763
62764
62765
62766
62779
62780
62784
62785
62786
62787
62788
62789
62790
62791
62792
62793
62794
62795
62796
62797
62798
62799
62800
62801
62802
62803
62804
62805
62806
46422
62807
62808
62809
62810
46426
62811
46427
62812
46428
62813
62814
62815
62816
62817
62818
62819
62820
62821
62822
62823
62824
62825
62826
62827
62828
62829
62830
62834
62835
62836
62837
62841
62842
62843
62844
62845
62846
62847
62848
62849
62850
62851
62852
62853
62854
62855
62856
62857
62858
62859
62860
62861
62862
62863
62864
62865
62866
62867
62868
62869
62870
62871
62872
62873
62874
62875
62876
62877
62878
46494
62879
46495
62880
46496
62881
46497
62882
46498
62883
46499
62884
46500
62885
46501
62886
46502
62887
46503
62888
46504
62889
46505
62890
46506
62891
46507
62892
46508
62893
46509
62894
46510
62895
46511
62896
46512
62897
46513
62898
46514
62899
46515
62900
46516
62901
46517
62902
46518
62903
46519
62904
62905
62906
62907
46523
62908
46524
62909
46525
62910
46526
62911
62912
46529
46530
46531
46532
46534
62919
46535
62920
46536
62921
46537
62922
46538
62923
46539
62924
46540
62925
46541
62926
46542
62927
46543
62928
46544
62929
46545
62930
46546
62931
46547
62932
46548
62933
46549
62934
46550
62935
46551
62936
46552
62937
46553
62938
46554
62939
46555
62940
46556
62941
46557
62942
46558
62943
46559
62944
46560
62945
46561
62946
46562
62947
62948
62949
46565
62950
46566
62951
46567
62952
46568
62953
46569
62954
46570
62955
46571
62956
46572
62957
46573
62958
46574
62959
46575
62960
46576
62961
46577
62962
46578
62963
46579
62964
46580
62965
46581
62966
46582
62967
46583
62968
46584
62969
46585
62970
46586
62971
46587
62972
46588
62973
46589
62974
46590
62975
46591
62976
46593
46594
62979
46595
62980
46596
46597
46598
46599
62984
46600
62985
46601
62986
46602
62987
46603
62988
46604
62989
46605
62990
46606
62991
46607
62992
46608
62993
46609
62994
46610
62995
46611
62996
46612
62997
46613
62998
46614
62999
46615
46616
46617
46618
46619
46620
46621
46622
46623
46624
46625
46626
46627
46628
46629
46630
46631
46632
46633
46634
46635
46636
63021
46637
63022
46638
46639
46640
46641
46642
46643
46644
46645
46646
46647
46648
46649
46650
63035
46651
63036
46652
63037
46653
63038
46654
63039
46655
63040
46656
63041
46657
63042
46658
63043
46659
63044
46660
63045
46661
63046
46662
46663
46664
46665
63050
46666
63051
46667
63052
46668
63053
46669
63054
46670
63055
46671
63056
46672
63057
46673
63058
46674
63059
46675
63060
46676
63061
46677
63062
46678
63063
46679
63064
46680
63065
46681
63066
46682
63067
46683
63068
46684
63069
63070
63071
63072
63073
63074
63075
63076
63077
63078
63079
63080
63081
63085
63086
46702
63087
46703
63088
46704
63089
46705
63090
46706
63091
46709
46710
46711
46712
46713
46714
46715
46716
46717
46718
46719
63104
46720
63105
46721
63106
46722
63107
46723
63108
46724
63109
46725
63110
46726
63111
46727
63112
46728
63113
46729
63114
46730
63115
46731
46732
46733
46734
46735
63122
46738
63123
46739
63124
46740
63125
46741
63126
46742
63127
46743
63128
46744
63129
46745
63130
46746
63131
46747
46748
46749
46753
63138
46754
63139
46755
63140
46756
63141
46757
63142
46758
46759
46760
46761
46762
46763
46764
46765
46766
46767
46768
46769
46770
63155
46771
63156
46772
63157
46773
46774
46775
46776
46777
46778
46779
46780
46781
46782
46783
46784
46785
46786
46787
46788
46789
46790
46791
46792
46793
46794
46795
46796
46797
46798
46799
46800
46801
46802
46803
46804
46805
46806
46807
46811
46812
46813
46814
46818
46819
46820
46821
46823
46824
46825
46826
46827
46828
46829
46830
46831
46832
46833
46834
46835
46836
46837
46840
46841
46842
46843
46844
46845
46846
46847
46851
46852
46853
46854
46857
46858
46859
46860
46861
46862
46863
46864
46865
46866
46867
46868
46869
46870
46871
46872
46873
46876
46877
46878
46879
46880
46881
46882
46883
46887
46888
46889
46890
46891
46892
46893
46899
46900
46901
46902
46906
46907
46908
46909
46911
46912
46913
46914
46915
46916
46917
46918
46919
46920
46921
46922
46923
46924
46925
46926
46927
46928
46929
46930
46931
46932
46933
46934
46935
46936
46937
46938
46939
46940
46941
46942
46943
46944
46945
46946
46947
46948
46949
46950
46951
46952
46953
46954
46955
46956
46957
46958
46959
46960
46961
46962
46963
46964
46965
46966
46967
46968
46969
46970
46971
46972
46973
46974
46975
46976
46977
46978
46979
46980
46981
46982
46983
46984
46985
46986
46987
46988
46989
46990
46991
46992
46993
46994
46995
46996
46997
46998
46999
47000
47001
47002
47003
47004
47005
47006
47007
47008
47009
47010
47011
47012
47013
47014
47015
47016
47017
47018
47019
47020
47021
47022
47023
47024
47025
47026
47027
47028
47029
47030
47031
47032
47033
47034
47035
47036
47037
47038
47039
47040
47041
47042
47043
47044
47045
47046
47047
47048
47049
47050
47051
47052
47053
47054
47055
47056
47057
47058
47059
47060
47061
47062
47063
63448
47064
63449
47065
63450
47066
63451
47067
47068
47069
63454
47070
63455
47071
63456
47072
63457
47073
47074
47075
47076
47077
63462
47078
63463
47079
63464
47080
63465
47081
47082
47083
47084
47085
47086
47087
47088
63473
47089
47090
63475
47091
63476
47092
47093
63478
47094
63479
47095
63480
47096
63481
47097
63482
47098
63483
47099
63484
47100
63485
47101
63486
47102
63487
47103
63488
47104
47105
63490
47106
63491
47107
63492
47108
63493
47109
63494
47110
63495
47111
63496
47112
63497
47113
63498
47114
63499
47115
63500
47116
63501
47117
63502
47118
63503
47119
63504
47120
63505
47121
63506
47122
63507
47123
63508
47124
63509
47125
63510
47126
63511
47127
63512
47128
63513
47129
63514
47130
63515
47131
63516
47132
63517
47133
63518
47134
63519
47135
63520
47136
63521
47137
63522
47138
63523
47139
63524
47140
63525
47141
63526
47142
63527
47143
63528
47144
47145
47146
47147
47148
47149
47150
47151
47152
63537
47153
63538
47154
63539
47155
63540
47156
63541
47157
63542
47158
63543
47159
63544
47160
63545
47161
63546
47162
63547
47163
63548
47164
47165
47166
47167
47168
63553
47169
63554
47170
63555
47171
63556
47172
63557
47173
63558
47174
47175
63560
47176
63561
47177
63562
47178
47179
63564
47180
63565
47181
63566
47182
63567
47183
63568
47184
63569
47185
63570
47186
63571
47187
47188
63573
47189
63574
47190
63575
47191
63576
47192
47193
63578
47194
63579
47195
63580
47196
47197
47198
63583
47199
63584
47200
47201
63586
47202
63587
47203
63588
47204
47205
47206
47207
47208
63593
47209
63594
47210
63595
47211
63596
47212
47213
63598
47214
63599
47215
63600
47216
63601
47217
63602
47218
63603
47219
47220
63605
47221
63606
47222
63607
47223
63608
47224
63609
47225
63610
47226
63611
47227
63612
47228
63613
47229
63614
47230
63615
47231
47232
47233
63618
47234
63619
47235
63620
47236
63621
47237
63622
47238
63623
47239
63624
47240
63625
47241
63626
47242
63627
47243
63628
47244
63629
47245
63630
47246
63631
47247
47248
47249
47250
47251
47252
47253
63638
47254
63639
47255
63640
47256
47257
47258
47259
63644
47260
63645
47261
63646
47262
63647
47263
63648
47264
63649
47265
63650
47266
63651
47267
63652
47268
63653
47269
63654
47270
63655
47271
63656
47272
63657
47273
63658
47274
63659
47275
63660
47276
63661
47277
63662
47278
63663
47279
63664
47280
63665
47281
63666
47282
63667
47283
63668
47284
63669
47285
63670
47286
63671
47287
63672
47288
63673
47289
63674
47290
63675
47291
63676
47292
63677
47293
63678
47294
63679
47295
63680
47296
63681
47297
63682
47298
63683
47299
63684
47300
63685
47301
63686
47302
63687
47303
63688
47304
63689
47305
63690
47306
63691
47307
63692
47308
63693
47309
63694
47310
63695
47311
63696
47312
63697
47313
63698
47314
63699
47315
63700
63701
63702
47339
47340
47341
47342
47346
47347
47348
47349
47351
47352
47353
47354
47356
47357
47358
47359
47360
63745
47361
63746
47362
63747
47363
63748
47364
63749
47365
63750
47366
63751
47367
63752
47368
63753
47369
47370
47371
63756
47372
63757
63758
63759
47375
63760
47376
63761
47377
63762
47378
63763
47379
63764
47380
63765
47381
63766
47382
63767
47383
63768
47384
63769
47385
63770
63771
63772
47388
63773
47389
63774
47390
63775
47391
63776
47392
63777
47393
47394
63779
47395
63780
47396
63781
47397
63782
47398
63783
63784
63785
47401
63786
47402
63787
47403
63788
47404
63789
63790
63791
63792
47408
63793
47409
63794
47410
63795
47411
63796
47412
63797
47413
63798
47414
63799
47415
63800
63801
63802
63803
63804
63805
63806
63807
63808
63809
63810
63811
63812
63813
63814
63815
63816
47432
63817
47433
63818
47434
63819
47435
63820
63821
63822
63823
47439
63824
47440
63825
47441
63826
47442
63827
47443
63828
47444
63829
47445
63830
47446
63831
63832
63833
47449
63834
47450
63835
47451
63836
47452
63837
47453
63838
47454
63839
47455
63840
47456
63841
47457
63842
47458
63843
47459
63844
47460
63845
47461
63846
47462
63847
47463
63848
47464
63849
47465
63850
47466
63851
47467
63852
47468
63853
47469
63854
47470
63855
47471
63856
47472
63857
47473
63858
47474
63859
47475
63860
47476
47477
47478
63863
47479
47480
47481
47482
47483
47484
47485
47486
47487
63872
47488
63873
47489
63874
47490
63875
47491
47492
47493
47494
47495
47496
47497
47498
47499
47500
63885
63886
63887
47503
63888
47504
63889
47505
63890
47506
63891
47507
63892
47508
63893
47509
63894
47510
63895
47511
63896
47512
63897
47513
63898
47514
63899
47515
63900
47516
63901
47517
47518
47519
47520
47521
47522
47523
47525
47526
63911
47527
63912
47528
63913
47529
63914
47530
63915
47531
63916
47532
63917
63918
63919
47535
63920
47536
63921
47537
63922
47538
63923
63924
63925
47541
63926
47542
63927
47543
63928
47544
63929
63930
63931
63932
63933
63934
63935
47552
47553
47554
47555
63943
47559
63944
47560
63945
47561
63946
47562
63947
47563
47564
63949
47565
63950
47566
63951
63952
63953
63954
63955
63956
63957
63958
47574
63959
47575
63960
47576
63961
47577
63962
63963
63964
63965
63966
63967
63968
47584
47585
47586
47587
63973
47589
63974
47590
63975
47591
63976
47592
63977
47593
63978
47594
47595
47596
47597
47598
47599
47600
47601
47602
47603
47606
47607
47608
47609
47610
47611
47612
47613
47614
47615
47616
47617
47618
47622
47623
47624
47625
47626
47627
47628
47635
47636
47637
47638
47639
47640
47641
47642
47645
47646
47647
47648
47649
47650
47651
47652
47653
47654
47655
47658
47659
47660
47661
47663
47664
47665
47666
47667
47668
47669
47670
47671
47672
47673
47674
47675
47676
47677
47678
47679
47680
47681
47682
47683
47684
47685
47686
47687
47688
47689
47690
47691
47692
47693
47694
47695
47696
47697
47698
47699
47700
47701
47702
47703
47704
47705
47706
47707
47708
47709
47710
47711
47712
47713
47714
47715
47716
47717
47718
47719
47720
47721
47722
47723
47724
47725
47726
47727
47728
47729
47730
47731
47732
47733
47734
47735
47736
47737
47738
47739
47740
47741
47742
47743
47744
47745
47746
47747
47748
47749
47750
47751
47752
47753
47754
47755
47756
47757
47758
47759
47760
47761
47762
47763
47764
47765
47766
47767
47768
47769
47770
47771
47772
47773
47774
47775
47776
47777
47778
47779
47780
47781
47782
47783
47784
47785
47786
47787
47788
47789
47790
47791
47792
47793
47794
47795
47796
47797
47798
47799
47800
47801
47802
47803
47804
47805
47806
47807
47808
47809
47810
47811
47812
47813
47814
47815
47816
47817
47818
47819
47820
47821
47822
47823
47824
47825
47826
47827
47828
47829
47830
47831
47832
47833
47834
47835
47836
47837
47838
47839
47840
47841
47842
47843
47844
47845
47846
47847
47848
47849
47850
47851
47852
47853
47854
47855
47856
47857
47858
47859
47860
47861
47862
47863
47864
47865
47866
47867
47868
47869
47870
47871
47872
47873
47874
47875
47876
47877
47878
47879
47880
47881
47882
47883
47884
47885
47886
47887
47888
47889
47890
47891
47892
47893
47894
47895
47896
47897
47898
47899
47900
47901
47902
47903
47904
47905
47906
47907
47908
47909
47910
47911
47912
47913
47914
47915
47916
47917
47918
47919
47920
47921
47922
47923
47924
47925
47926
47927
47928
47929
47930
47931
47932
47933
47934
47935
47936
47937
47938
47939
47940
47941
47942
47943
47944
47945
47946
47947
47948
47949
47950
47951
47952
47953
47954
47955
47956
47957
47958
47959
47960
47961
47962
47963
47964
47965
47966
47967
47968
47969
47970
47971
47972
47973
47974
47975
47976
47977
47978
47979
47980
47981
47982
47983
47984
47985
47986
47987
47988
47989
47990
47991
47992
47993
47994
47995
47996
47997
47998
47999
48000
48001
48002
48003
48004
48005
48006
48007
48008
48009
48010
48011
48012
48013
48014
48015
48016
48017
48018
48019
48020
48021
48022
48023
48024
48025
48026
48027
48028
48029
48030
48031
48032
48033
48034
48035
48036
48037
48038
48039
48040
48041
48042
48043
48044
48045
48046
48047
48048
48049
48050
48051
48052
48053
48054
48055
48056
48057
48058
48059
48060
48061
48062
48063
48064
48065
48066
48067
48068
48069
48070
48071
48072
48073
48074
48075
48076
48077
48078
48079
48080
48081
48082
48083
48084
48085
48086
48087
48088
48089
48090
48091
48092
48093
48094
48095
48096
48097
48098
48099
48100
48101
48102
48103
48104
48105
48106
48107
48108
48109
48110
48111
48112
48113
48114
48115
48116
48117
48118
48119
48120
48121
48122
48123
48124
48125
48126
48127
48128
48129
48130
48131
48132
48133
48134
48135
48136
48137
48138
48139
48140
48141
48142
48143
48144
48145
48146
48147
48148
48149
48150
48151
48152
48153
48154
48155
48156
48157
48158
48159
48160
48161
48162
48163
48164
48165
48166
48167
48168
48169
48170
48171
48172
48173
48174
48175
48176
48177
48178
48179
48180
48181
48182
48183
48184
48185
48186
48187
48188
48189
48190
48191
48192
48193
48194
48195
48196
48197
48198
48199
48200
48201
48202
48203
48204
48205
48206
48207
48208
48209
48210
48211
48212
48213
48214
48215
48216
48217
48218
48219
48220
48221
48222
48223
48224
48225
48226
48227
48228
48229
48230
48231
48232
48233
48234
48235
48236
48237
48238
48239
48240
48241
48242
48243
48244
48245
48246
48247
48248
48249
48250
48251
48252
48253
48254
48255
48256
48257
48258
48259
48260
48261
48262
48263
48264
48265
48266
48267
48268
48269
48270
48271
48272
48273
48274
48275
48276
48277
48278
48279
48280
48281
48282
48283
48284
48285
48286
48287
48288
48289
48290
48291
48292
48293
48294
48295
48296
48297
48298
48299
48300
48301
48302
48303
48304
48305
48306
48307
48308
48309
48310
48311
48312
48313
48314
48315
48316
48317
48318
48319
48320
48321
48322
48323
48324
48325
48326
48327
48328
48329
48330
48331
48332
48333
48334
48335
48336
48337
48338
48339
48340
48341
48342
48343
48344
48345
48346
48347
48348
48349
48350
48351
48352
48353
48354
48355
48356
48357
48358
48359
48360
48361
48362
48363
48364
48365
48366
48367
48368
48369
48370
48371
48372
48373
48374
48375
48376
48377
48378
48379
48380
48381
48382
48383
48384
48385
48386
48387
48388
48389
48390
48391
48392
48393
48394
48395
48396
48397
48398
48399
48400
48401
48402
48403
48404
48405
48406
48407
48408
48409
48410
48411
48412
48413
48414
48415
48416
48417
48418
48419
48420
48421
48422
48423
48424
48425
48426
48427
48428
48429
48430
48431
48432
48433
48434
48435
48436
48437
48438
48439
48440
48441
48442
48443
48444
48445
48446
48447
48448
48449
48450
48451
48452
48453
48454
48455
48456
48457
48458
48459
48460
48461
48462
48463
48464
48465
48466
48467
48468
48469
48470
48471
48472
48473
48474
48475
48476
48477
48478
48479
48480
48481
48482
48483
48484
48485
48486
48487
48488
48489
48490
48491
48492
48493
48494
48495
48496
48497
48498
48499
48500
48501
48502
48503
48504
48505
48506
48507
48508
48509
48510
48511
48512
48513
48514
48515
48516
48517
48518
48519
48520
48521
48522
48523
48524
48525
48526
48527
48528
48529
48530
48531
48532
48533
48534
48535
48536
48537
48538
48539
48540
48541
48542
48543
48544
48545
48546
48547
48548
48549
48550
48551
48552
48553
48554
48555
48556
48557
48558
48559
48560
48561
48562
48563
48564
48565
48566
48567
48568
48569
48570
48571
48572
48573
48574
48575
48576
48577
48578
48579
48580
48581
48582
48583
48584
48585
48586
48587
48588
48589
48590
48591
48592
48593
48594
48595
48596
48597
48598
48599
48600
48601
48602
48603
48604
48605
48606
48607
48608
48609
48610
48611
48612
48613
48614
48615
48616
48617
48618
48619
48620
48621
48622
48623
48624
48625
48626
48627
48628
48629
48630
48631
48632
48633
48634
48635
48636
48637
48638
48639
48640
48641
48642
48643
48644
48645
48646
48647
48648
48649
48650
48651
48652
48653
48654
48655
48656
48657
48658
48659
48660
48661
48662
48663
48664
48665
48666
48667
48668
48669
48670
48671
48672
48673
48674
48675
48676
48677
48678
48679
48680
48681
48682
48683
48684
48685
48686
48687
48688
48689
48690
)


// ************************************************************************* //
