/*--------------------------------*- C++ -*----------------------------------*\
| =========                 |                                                 |
| \\      /  F ield         | OpenFOAM: The Open Source CFD Toolbox           |
|  \\    /   O peration     | Version:  2406                                  |
|   \\  /    A nd           | Website:  www.openfoam.com                      |
|    \\/     M anipulation  |                                                 |
\*---------------------------------------------------------------------------*/
FoamFile
{
    version     2.0;
    format      binary;
    arch        "LSB;label=32;scalar=64";
    class       faceSet;
    location    "constant/polyMesh/sets";
    object      wrongFaces;
}
// * * * * * * * * * * * * * * * * * * * * * * * * * * * * * * * * * * * * * //


6411
(
57344
57345
57346
57347
57348
40964
57349
40965
57350
40966
57351
40967
57352
57353
40969
57354
40970
57355
40971
57356
40972
57357
57358
57359
57360
57361
40977
57362
40978
57363
40979
57364
40980
57365
40981
57366
40982
57367
40983
57368
40984
57369
40985
57370
40986
57371
40987
57372
40988
57373
40989
57374
40990
57375
40991
57376
40992
57377
40993
57378
40994
57379
40995
57380
40996
57381
40997
57382
40998
57383
40999
57384
57385
57386
41002
57387
41003
57388
41004
57389
41005
57390
57391
57392
57393
41009
57394
41010
57395
41011
57396
41012
57397
57398
41014
57399
41015
57400
41016
57401
41017
57402
41018
57403
41019
57404
41020
57405
41021
41023
41024
41025
41026
41027
41030
41033
41034
41035
41036
41038
41039
41040
41041
41042
41043
41044
41045
41046
41047
41048
41049
41050
41051
41052
41053
41054
41055
41056
41057
41058
41059
41060
41061
41062
41063
41064
41065
41066
41067
41068
41069
41070
41071
41072
41073
41074
41075
41076
41077
41078
41079
41080
41081
41082
41083
41084
41085
41086
41087
41088
41089
41090
41091
41092
41093
41094
41095
41096
41097
41098
41099
41100
41101
41102
41103
57488
41104
57489
41105
57490
41106
57491
41107
57492
41108
57493
41109
57494
41110
57495
41111
57496
41112
57497
41113
57498
41114
57499
41115
57500
41116
57501
41117
57502
41118
57503
41119
57504
41120
57505
41121
57506
41122
41123
41124
41125
41126
41127
41128
41129
41130
41131
57516
41132
57517
41133
57518
41134
57519
41135
57520
41136
57521
41137
57522
41138
57523
41139
57524
41140
57525
41141
57526
41142
57527
41143
57528
41144
57529
41145
57530
41146
57531
41147
57532
41148
57533
41149
57534
41150
57535
41151
57536
41152
57537
41153
57538
41154
57539
41155
57540
41156
57541
41157
57542
41158
57543
41159
57544
41160
57545
41161
57546
41162
57547
41163
57548
41164
57549
41165
57550
41166
57551
41167
57552
41168
57553
41169
57554
41170
57555
41171
57556
41172
57557
41173
41174
41175
41176
41177
41178
41179
41180
41181
41182
41183
41184
41185
41186
41187
41188
41189
41190
41191
41192
41193
41194
41195
41196
41197
41198
41199
41200
57598
57599
57600
57601
57602
41307
41308
41309
41310
41311
41312
41313
41314
41315
41316
41317
41318
41319
41320
41321
41322
41323
41324
41325
41326
41327
41328
41329
41330
41331
41332
41333
41334
41335
41336
41337
41338
41339
41340
41341
41342
41343
41344
41345
41346
41347
41348
41349
41350
41351
41352
41353
41354
41355
41356
41357
41358
41359
41360
41361
41362
41363
41364
41365
41366
41367
41368
41369
41370
41371
41372
41373
41374
41375
41376
41377
41378
41379
41380
41381
41382
41383
41384
41385
41386
41387
41391
41392
41393
41394
41395
41396
41397
41398
41399
41400
41401
41402
41403
41404
41405
41406
41407
41408
41409
41410
41411
41412
41413
57798
41414
57799
41415
57800
41416
57801
41417
57802
57803
57804
41420
57805
41421
57806
41422
41423
41424
41425
41426
41427
41428
41429
41430
41431
41432
41433
41434
57819
41435
57820
41436
57821
41437
57822
41438
57823
41439
57824
41440
57825
41441
57826
41442
57827
41443
57828
41444
57829
57830
57831
57832
41448
57833
41449
57834
41450
57835
41451
57836
57837
41453
57838
41454
57839
41455
57840
57841
57842
41458
57843
41459
57844
41460
57845
41461
57846
41462
57847
41463
57848
41464
57849
41465
57850
41466
41467
41475
41476
41477
41478
41482
41483
41484
41485
57873
57874
57875
41494
41495
41496
41497
41498
41499
41500
41503
41504
41505
41506
41507
41508
41509
41510
41511
41512
57905
57906
57907
57908
57909
57910
57911
41527
57912
41528
57913
41529
57914
41530
57915
41531
57916
41532
57917
41533
57918
41534
57919
41535
57920
41536
57921
41537
57922
41538
57923
41539
57924
41540
57925
41541
57926
41542
57927
41543
57928
41544
57929
41545
57930
41546
57931
41547
57932
41548
57933
41549
41550
41551
41552
41553
41554
41555
41556
41557
41558
41559
41560
41561
41562
41563
41564
41565
41566
41567
41568
41569
41570
41571
41572
41573
41574
41575
41576
41577
41578
41579
41580
41581
41582
41583
41584
41585
41586
41587
41588
41589
41590
41591
41592
41593
41594
41595
41596
41597
41598
41599
41600
41601
41602
41603
41604
41605
41606
41607
41608
41609
41610
41611
41612
41613
41614
41615
41616
41617
41618
41619
41620
41621
41622
41623
41624
41625
41626
41627
41628
41629
41630
41631
41632
41633
41634
41635
41636
41637
41638
41639
41640
41641
41642
41643
41644
41645
41646
41647
41648
41649
41650
41651
41652
41653
41654
41655
41656
41657
41658
41659
41660
41661
41662
41663
41664
41665
41666
41667
41668
41669
41670
41671
41672
41673
41674
41675
41676
41677
41678
41679
41680
41681
41682
41683
41684
41685
41686
41687
41688
41689
41690
41691
41692
41693
41694
41695
41696
41697
41698
41699
41700
41701
41702
41703
41704
41705
41706
41707
41708
41709
41710
41711
41712
41713
41714
41715
41716
41717
41718
41719
41720
41721
41722
41723
41724
41725
41726
41727
41728
41729
41730
41731
41732
41733
41734
41735
41736
41737
41738
41739
41740
41741
41742
41743
41744
41745
41746
41747
41748
41749
41750
41751
41752
41753
41754
41755
41756
41757
41758
41759
41760
41761
41762
41763
41764
41765
41766
41767
41768
41769
41770
41771
41772
41773
41774
41775
41776
41777
41778
41779
41780
41781
41782
41783
41784
41785
41786
41787
41788
41789
41790
41791
41792
41793
41794
41795
41796
41797
41798
41799
41800
41801
41804
41805
41806
41807
41811
41812
41813
41814
41816
41817
41818
41819
41820
41821
41822
41823
41824
41825
41832
41833
41834
41835
41839
41840
41841
41842
41843
41844
41845
41849
41850
41851
41852
41853
41854
41855
41856
41857
41858
41859
41860
41861
41862
41863
41864
41865
41866
41867
41868
41869
41870
41871
41872
41873
41874
41875
41876
41877
41878
41879
41880
41881
41882
41883
41884
41885
41886
41887
41888
41889
41890
41891
41892
41893
41894
41895
41896
41897
41898
41899
41900
41901
41902
41903
41904
41905
41906
41907
41908
41909
41910
41911
41912
41913
41914
41915
41916
41917
41918
41919
41920
41921
41922
41923
41924
41925
41926
41927
41928
41929
41930
41931
41932
41933
41934
41935
41936
41937
41938
41939
41940
41941
41942
41943
41944
41945
41946
41947
41948
41949
41950
41951
41952
41953
41954
41955
41956
41957
41958
41959
41960
41961
41962
41963
41964
41965
41966
41967
41968
41969
41970
41971
41972
41973
41974
41975
41976
41977
41978
41979
41980
41981
41982
41983
41984
41985
41986
41987
41988
41989
41990
41991
41992
41993
41994
41995
41996
41997
41998
41999
42000
42001
42002
42003
42004
42005
42006
42007
42008
42009
42010
42011
42012
42013
42014
42015
42016
42017
42018
42019
42020
42021
42022
42023
42024
42025
42026
42027
42028
42029
42030
42031
42032
42033
42034
42035
42036
42037
42038
42039
42040
42041
42042
42043
42044
42045
42046
42047
42048
42049
42050
42051
42052
42053
42054
42055
42056
42057
42058
42059
42060
42061
42062
42063
42064
42065
42066
42067
42068
42069
42070
42071
42072
42073
42074
42075
42076
42077
42078
42079
42080
42081
42082
42083
42084
42085
42086
42087
42088
42089
42090
42091
42092
42093
42094
42095
42096
42097
42098
42099
42100
42101
42102
42103
42104
42105
42106
42107
42108
42109
42110
42111
42112
42113
42114
42115
42116
42117
42118
42119
42120
42121
42122
42123
42124
42125
42126
42127
42128
42129
42130
42131
42132
42133
42134
42135
42136
42137
42138
42139
42140
42141
42142
42143
42144
42145
42146
42147
42148
42149
42150
42151
42152
42153
42154
42155
42156
42157
42158
42159
42160
42161
42162
42163
42164
42165
42166
42167
42168
42169
42170
42171
42172
42173
42174
42175
42176
42177
42178
42179
42180
42181
42182
42183
42202
42203
42204
42205
42226
42227
42228
42229
42236
42237
42238
42239
42268
42269
42270
42271
42272
42273
42274
42281
42282
42283
42284
42296
42297
42298
42305
42307
42308
42309
42310
42311
42312
42313
42314
42315
42316
42341
42342
42343
42344
42345
42346
42347
42351
42352
42353
42354
42428
42429
42430
42431
42432
42433
42434
42435
42436
42437
42438
42468
42469
42470
42471
42472
42473
42474
42475
42476
42477
42478
42479
42480
42481
42482
42483
42484
42485
42486
42487
42488
42489
42490
42491
42492
42493
42494
42495
42496
42497
42498
42499
42500
42501
42502
42503
42504
42505
42506
42507
42508
42509
42510
42511
42512
42513
42514
42515
42516
42517
42518
42519
42520
42521
42522
42523
42524
42525
42526
42527
42528
42529
42530
42531
42532
42533
42534
42535
42536
42537
42538
42539
42540
42541
42542
42543
42544
42545
42546
42547
42548
42549
42550
42551
42552
42553
42554
42555
42556
42557
42558
42559
42560
42561
42562
42563
42564
42565
42566
42567
42568
42569
42570
42571
42572
42573
42574
42575
42576
42577
42578
42579
42580
42581
42582
42583
42584
42585
42586
42587
42588
42589
42590
42591
42592
42593
42594
42595
42596
42597
42598
42599
42600
42601
42602
42603
42604
42605
42606
42607
42608
42609
42610
42611
42612
42613
42614
42615
42616
42617
42618
42619
42620
42621
42622
42623
42624
42625
42626
42627
42628
42629
42630
42631
42632
42633
42634
42635
42636
42637
42638
42639
42640
42641
42642
42643
42644
42645
42646
42647
42648
42649
42650
42651
42652
42653
42654
42655
42656
42657
42658
42659
42660
42661
42662
42734
42735
42736
42737
42738
42739
42740
42741
42742
42743
42744
42745
42746
42747
42748
42749
42750
42751
42752
42753
42754
42759
42760
42761
42762
42763
42766
42767
42768
42770
42771
42772
42773
42776
42777
42778
42785
42786
42787
42790
42791
42792
42798
42799
42800
42801
42803
42804
42805
42806
42807
42808
42809
42810
42817
42818
42819
42821
42822
42823
42825
42826
42827
42828
42829
42830
42831
42832
42833
42834
42835
42836
42837
42838
42841
42842
42843
42844
42845
42846
42847
42848
42849
42850
42851
42852
42853
42854
42856
42857
42858
42859
42862
42863
42864
42865
42867
42868
42869
42870
42871
42872
42873
42874
42875
42876
42877
42878
42879
42880
42881
42882
42889
42890
42891
42892
42893
42894
42895
42896
42897
42898
42899
42900
42901
42902
42903
42904
42905
42906
42907
42908
42909
42910
42911
42912
42913
42914
42915
42916
42917
42918
42919
42920
42921
42922
42923
42924
42925
42926
42927
42928
42929
42930
42931
42932
42933
42934
42935
42936
42937
42938
42939
42940
42941
42942
42943
42944
42945
42946
42947
42948
42949
42950
42951
42952
42953
42954
42955
42956
42957
42958
42959
42960
42961
42962
42963
42964
42965
42966
42967
42968
42969
42970
42971
42972
42973
42974
42975
42976
42977
42978
42979
42980
42981
42982
42983
42984
42985
42986
42987
42988
42989
42990
42991
42992
42993
42994
42995
42996
42997
42998
42999
43000
43001
43002
43003
43004
43005
43006
43007
43008
43009
43010
43011
43012
43013
43014
43015
43016
43017
43018
43019
43020
43021
43022
43023
43024
43025
43026
43027
43028
43029
43030
43031
43032
43033
43034
43035
43036
43037
43038
43039
43040
43041
43042
43043
43044
43045
43046
43047
43048
43049
43050
43051
43052
43053
43054
43055
43056
43057
43058
43059
43060
43061
43062
43063
43064
43065
43066
43067
43068
43069
43070
43071
43072
43073
43074
43075
43076
43077
43078
43079
43080
43081
43082
43083
43084
43085
43086
43087
43088
43089
43090
43091
43092
43093
43094
43095
43096
43097
43098
43099
43100
43101
43102
43103
43104
43105
43106
43107
43108
43109
43110
43111
43112
43113
43114
43115
43116
43117
43118
43119
43120
43121
43122
43123
43124
43125
43126
43127
43128
43129
43130
43131
43132
43133
43134
43135
43136
43137
43138
43139
43140
43141
43142
43143
43144
43145
43146
43147
43148
43149
43150
43151
43152
43153
43154
43155
43156
43157
43158
43159
43160
43161
43162
59906
59907
59908
59909
59910
59911
59912
59913
59914
59915
59916
59917
59918
59919
59920
59921
59922
59923
59924
59925
59926
59927
59928
59929
59930
59931
59932
59933
59934
59935
59936
59937
59938
59939
59942
59943
59944
59945
59946
51754
59947
51755
59948
51756
59949
59950
59951
59952
59953
59954
59955
59956
59957
59958
59959
59960
59961
59962
59963
59964
59965
59966
59967
51775
59968
51776
59969
51777
59970
59971
59972
59973
59974
59975
59976
59977
59978
59979
59980
59981
59982
59983
59984
59985
59986
59987
59988
59989
59990
59991
59992
59993
59994
59995
59996
59997
59998
59999
60000
60001
60002
60003
60004
60005
60006
60007
60008
60009
60010
60011
60012
60013
60014
60021
60022
60023
60024
60025
60026
60027
51835
60028
51836
60029
51837
60030
60031
60032
60033
60034
60035
60036
60037
60038
60039
60040
60041
60042
60043
60044
60045
60046
60047
60048
60049
60050
60051
60052
60053
60054
60055
60056
60057
60058
60059
60060
60061
60062
60063
60064
60065
60066
60067
60068
60069
60070
60071
60072
60073
60074
60075
60076
60077
60078
60079
60082
60083
60084
60085
60086
60087
60088
60089
60090
60091
60092
60093
60094
60095
60096
60097
60098
60099
60100
60101
60102
60103
60104
60105
60106
60107
60108
60109
60110
60111
60112
60113
60114
60115
60116
60117
60118
60119
60120
60121
60122
60123
60124
60125
60126
60127
60128
60129
60130
60131
60132
60133
60134
60135
60136
60137
60138
60139
60140
60141
60142
60143
60144
60145
60146
60147
60148
60149
60150
60151
60152
60153
60154
60155
60156
60157
60158
60159
60160
60161
60162
60163
60164
60165
60166
60167
60168
60169
60170
60171
60172
60173
60174
60175
60176
60177
60178
60179
60180
60181
60182
60183
60184
60185
60186
60187
60188
60189
60190
60191
60192
60193
60194
60195
60196
60197
60198
60199
60200
60201
60202
60203
60204
60205
60206
60207
60208
60209
60210
60211
60212
60213
60214
60215
60216
60217
60218
60219
60220
60221
60222
60223
60224
60225
60226
60227
60228
60229
60230
60231
60232
60233
60234
60235
60236
60237
60238
60239
60240
60241
60242
60243
60244
60245
60246
60247
60248
60249
60250
60251
60252
60253
60254
60255
60256
60257
60258
60259
60260
60261
60262
60263
60264
60265
60266
60267
60268
60269
60270
60271
60272
60273
60274
60275
60276
60277
60278
60279
60280
60281
60282
60283
60284
60285
60286
52337
52338
52339
52340
52341
52342
52343
52344
52345
52346
52347
52348
52349
52350
52351
52352
52353
52354
52355
52356
52357
52358
52359
52360
52361
52362
52363
52364
52365
52366
52367
52368
52369
52370
52375
52376
52377
52389
52390
52391
52395
52396
52397
52399
52400
52401
52406
52407
52408
52423
52424
52425
52426
52427
52428
52429
52430
52431
52432
52433
52434
52435
52436
52437
52438
52439
52440
52441
52442
52443
52444
52445
52446
52447
52448
52449
52450
52451
52452
52453
52454
52455
52458
52459
52460
52461
52462
52463
52464
52465
52466
52467
52468
52475
52476
52477
52478
52481
52482
52483
52484
52485
52486
52487
52488
52489
52490
52491
52492
52493
52494
52495
52496
52497
52498
52499
52500
52501
52502
52503
52504
52505
52506
52507
52508
52509
52510
52511
52512
52513
52514
52515
52516
52517
52518
52519
52520
52521
52522
52523
52524
52525
52526
52527
52528
52529
52530
52531
52532
52533
52534
52535
52536
52537
52538
52539
52540
52541
52542
52543
52544
52545
52546
52547
52548
52549
52550
52551
52552
52553
52554
52555
52556
52557
52558
52559
52560
52561
52562
52563
52564
52565
52566
52567
52568
52569
52570
52571
52572
52573
52574
52575
52576
52577
52578
52579
52580
52581
52582
52583
52584
52585
52586
52587
52588
52589
52590
52591
52592
52593
52594
52595
52596
52597
52598
52599
52600
52601
52602
52603
52604
52605
52606
52607
52608
52609
52610
52611
52612
52613
52614
52615
52616
52617
52618
52619
52620
52621
52622
52623
52624
52625
52626
52627
52628
52629
52630
52631
52632
52633
52634
52635
52636
52637
52638
52639
52640
52641
52642
52643
52737
52738
52739
52740
52741
52742
52743
52744
52745
52746
52747
52748
52749
52750
52751
52752
52753
52754
52755
52756
52757
52758
52759
52760
52761
52762
52763
52764
52765
52766
52767
52768
52769
52770
52771
52772
52773
52792
52793
52794
52795
52796
52797
52808
52809
52810
52817
52818
52819
52838
52839
52840
52841
52842
52843
52844
52845
52846
52847
52848
52849
52850
52851
52852
52853
52865
52866
52867
52868
52869
52870
52871
52890
52891
52892
52895
52896
52897
52908
52909
52910
52911
52912
52913
52914
52915
52916
52917
52918
52919
52920
52921
52922
61115
52923
52924
52925
52926
52927
52928
52929
52930
52931
52932
61125
52933
61126
52934
52935
52936
52937
61130
52938
61131
52939
61132
52940
61133
52941
52942
52943
52944
52945
52946
52954
52955
52956
52957
61150
52958
61151
52959
61152
52960
61153
61154
52962
61155
52963
61156
52964
52965
61158
52966
61159
52967
61160
52968
61161
61162
61163
61164
61165
61166
61167
61168
61169
61170
61171
61172
61173
61174
61175
61176
61177
61178
61179
61180
61181
53004
53005
61198
53006
61199
61200
61201
61202
53012
53013
53014
53017
53018
53019
53035
53036
53037
53040
53041
53042
53045
53046
53047
61251
61252
61253
61257
61259
53067
61260
53068
61261
53069
61262
53070
61263
53071
61264
53072
61265
53073
61266
53074
61267
53075
61268
53076
61269
53077
61270
53078
61271
53079
61272
53080
61273
53081
61274
53082
53083
53084
53085
53086
61280
61281
61282
61283
53091
61284
53092
61285
53093
61286
61287
53095
61288
53096
61289
53097
61290
61291
53106
61299
53107
61300
53108
61301
53109
61302
53110
61303
53111
61304
53112
61305
53113
61306
53114
61307
53115
61308
53116
61309
53117
61310
53118
61311
53119
61312
53120
61313
53121
61314
53122
61315
53123
53124
53125
53126
53127
53128
53129
61322
53130
61323
53131
61324
53132
61325
53133
61326
53134
61327
53135
53136
53137
53138
53139
53140
53141
53142
53143
53144
53145
53146
53147
53148
53149
53150
53151
53152
53153
53154
53155
53156
53157
53158
53159
53160
61353
53161
61354
53162
61355
53163
53164
53165
53166
53167
53168
53169
53170
53171
53172
61365
53173
61366
53174
61367
53175
53176
53177
53178
53179
53180
53181
53182
53183
53184
53185
53186
53187
53188
53189
53190
53191
61384
53192
61385
53193
61386
53194
61387
53195
61388
53196
61389
53197
53198
53199
53200
53201
53202
53203
53204
61397
53205
61398
53206
61399
53207
53208
53209
53210
53211
53212
53213
61406
53214
61407
53215
61408
53216
53217
53218
53219
53220
53221
53222
53223
53224
53225
53226
53227
53228
53229
53230
53231
53232
53233
53234
53235
53236
53237
53238
53239
53240
61433
53241
61434
53242
61435
53243
53244
53245
53246
53247
53248
53249
53250
53251
53252
53253
53254
53255
53256
53257
53258
53259
53260
53261
53262
53263
53264
53265
53266
53267
53268
53269
53270
53271
53272
53273
53274
53275
53276
53277
53278
53279
53280
53281
53282
53283
53284
53285
53286
53287
53288
53289
53290
53291
53292
53293
53294
53295
53296
53297
53298
53299
53300
53301
53302
53303
53304
53305
53306
53307
53308
53309
53310
53311
53312
53313
53314
53315
53316
53317
53318
53319
53320
53321
53322
53323
53324
53325
53326
53327
53328
53329
53330
53331
53332
53333
53334
53335
53336
53337
53338
53339
53340
53341
53342
53343
53344
53345
53346
53347
53348
53349
53350
53351
53352
53353
53354
53355
53356
53357
53358
53359
53360
53361
53362
53363
53364
53365
53366
53367
53368
53369
53370
53371
53372
53373
53374
53375
53376
53377
53378
53379
53380
53381
53382
53383
53384
53385
53386
53387
53388
53389
53390
53391
53392
53393
53394
53395
53396
53397
53398
53399
53400
53401
53402
53403
53404
53405
53406
53407
53408
53409
53410
53411
53412
53413
53414
53415
53416
53417
53418
53419
53420
53421
53422
53423
53424
53425
53426
53427
53428
53429
53430
53431
53432
53433
53434
53435
53436
53437
53438
53439
53440
53441
53442
53443
53444
53445
53446
53447
53448
53449
53450
53451
53452
53453
53454
53455
53456
53457
53458
53459
53460
53461
53462
53463
53464
53465
53466
53467
53468
53469
53470
53471
53472
53473
53474
53475
53476
53477
53478
53479
53480
53481
53482
53483
53484
53485
53486
53487
53488
53489
53522
53523
53524
53566
53567
53568
53588
53589
53590
53605
53606
53607
53608
53609
53610
53611
53612
53613
53614
53615
53616
53617
53640
53641
53642
53643
53644
53645
53646
53647
53648
53664
53665
53666
53667
53668
53669
53670
53671
53672
53673
53674
53675
53676
53677
53678
53679
53680
53681
53682
53683
53684
53685
53686
53687
53688
53689
53690
53691
53692
53693
53694
53695
53696
53697
53698
53699
53700
53701
53702
53703
53704
53705
53706
53707
53708
53709
53710
53711
53712
53713
53714
53715
53716
53717
53718
53719
53720
53721
53722
53723
53724
53725
53726
53727
53728
53729
53730
53731
53732
53733
53734
53735
53736
53737
53738
53739
53740
53741
53742
53743
53744
53745
53746
53747
53748
53749
53750
53751
53752
53753
53754
53755
53756
53757
53758
53759
53760
53761
53762
53763
53764
53765
53766
53767
53768
53769
53770
53771
53772
53773
53774
53775
53776
53777
53778
53779
53780
53781
53782
53783
53784
53785
53786
53787
53788
53789
53790
53791
53792
53793
53794
53795
53796
53797
53798
53799
53800
53801
53802
53803
53804
53805
53806
53807
53808
53809
53810
53811
53812
53813
53814
53815
53816
53817
53818
53819
53820
53821
53822
53823
53824
53825
53826
53827
53828
53829
53830
53831
53832
53833
53834
53835
53836
53837
53838
53839
53840
53841
53842
53843
53844
53845
53846
53847
53848
53849
53850
53851
53852
53853
53854
53855
53856
53857
53858
53859
53860
53861
53862
53863
53864
53865
53866
53867
53868
53869
53870
53871
53872
53873
53874
53875
53876
53877
53878
53879
53880
53881
53882
53883
53884
53885
53886
53887
53888
53889
53890
53891
53892
53893
53894
53895
53896
53897
53898
53899
53900
53901
53902
53903
53904
53905
53906
53907
53908
53909
53910
53911
53912
53913
53914
53915
53916
53917
53918
53919
53920
53921
53922
53923
53924
53925
53926
53927
53928
53929
53930
53931
53932
53933
53934
53935
53936
53937
53938
53939
53940
53941
53942
53943
53944
53945
53946
53947
53948
53949
62142
53950
62143
53951
62144
53952
62145
53953
62146
53954
62147
53955
62148
53956
62149
53957
62150
53958
62151
53959
53960
53961
53962
53963
53964
53965
53966
53967
53968
53969
53970
53971
53972
53973
53974
53975
53976
53977
53978
53979
53980
53981
53982
53983
53984
53985
53986
62179
53987
62180
53988
62181
53989
62182
53990
62183
53991
62184
53992
62185
53993
62186
53994
53995
53996
53997
53998
53999
54000
54001
54002
54003
54004
54005
54006
54007
54008
54009
54010
54011
54012
54013
54014
54015
54016
54017
54018
54019
54020
54021
54022
54023
54024
54025
54026
54027
54028
54029
54030
54031
54032
54033
54034
54035
54036
54037
54038
54039
54040
54041
54042
54043
54044
54045
54046
54047
54048
54049
54050
54051
54052
54053
54054
54055
54056
54057
54058
54059
54060
54061
54062
54063
54064
54065
54066
54067
54068
54069
54070
54071
54072
54073
54074
54075
54076
54077
54078
54079
54080
54081
54082
54083
54084
54085
54086
54087
54088
54089
54090
54091
54092
54093
62286
54094
62287
54095
62288
54096
62289
54097
62290
54098
62291
54099
62292
54100
62293
54101
62294
54102
62295
54103
62296
54104
62297
54105
62298
54106
62299
54107
62300
54108
62301
54109
62302
54110
62303
54111
62304
54112
62305
54113
62306
54114
62307
54115
62308
54116
62309
54117
62310
54118
62311
54119
62312
54120
62313
54121
62314
54122
62315
54123
62316
54124
62317
54125
62318
54126
62319
54127
62320
54128
62321
54129
62322
54130
62323
54131
62324
54132
62325
54133
54134
54135
54136
54137
54138
54139
54140
54141
54142
54143
54144
54145
54146
54147
54148
54149
54150
54151
54152
54153
54154
54155
54156
54157
54158
54159
54160
54161
54162
54163
54164
54165
54166
54167
54168
54169
54170
62363
54171
62364
54172
62365
54173
62366
54174
62367
54175
62368
54176
62369
54177
62370
54178
62371
54179
62372
54180
62373
54181
62374
54182
62375
54183
62376
54184
62377
54185
62378
54186
62379
54187
62380
54188
62381
54189
62382
54190
62383
54191
62384
54192
62385
54193
62386
54194
62387
54195
62388
54196
62389
54197
62390
54198
62391
54199
62392
54200
62393
54201
62394
54202
62395
54203
62396
54204
62397
54205
62398
54206
62399
54207
62400
54208
62401
54209
62402
54210
62403
54211
62404
54212
62405
54213
62406
54214
62407
54215
62408
54216
62409
54217
62410
54218
62411
54219
62412
54220
62413
54221
62414
54222
62415
54223
62416
54224
62417
54225
62418
54226
62419
54227
62420
54228
62421
54229
62422
54230
62423
54231
62424
54232
62425
54233
62426
54234
62427
54235
62428
54236
62429
54237
62430
54238
62431
54239
62432
54240
62433
54241
62434
54242
62435
54243
54244
54245
54246
54247
54248
54249
54250
54251
54252
54253
54254
54255
54256
54257
54258
54259
54260
54261
54262
54263
54264
54265
54266
54267
54268
54269
54270
54271
54272
54273
54274
54275
54276
54277
54278
54279
54280
54281
54282
54283
54284
62477
54285
62478
54286
62479
54287
62480
54288
62481
54289
62482
54290
62483
54291
54292
62485
54293
62486
54294
54295
54296
62489
54297
62490
54298
54299
62492
54300
62493
54301
54302
54303
62496
54304
62497
54305
62498
54306
62499
54307
62500
54308
54309
54310
62503
54311
62504
54312
62505
54313
62506
54314
62507
54315
62508
54316
62509
54317
54318
62511
54319
62512
54320
62513
54321
62514
54322
62515
54323
62516
54324
54325
54326
62519
54327
62520
54328
62521
54329
62522
54330
54331
62524
54332
62525
54333
62526
54334
62527
54335
62528
54336
62529
54337
62530
54338
62531
54339
62532
54340
62533
54341
62534
54342
62535
54343
62536
54344
62537
54345
62538
54346
62539
54347
62540
54348
62541
54349
62542
54350
62543
54351
62544
54352
62545
54353
62546
54354
62547
54355
62548
54356
62549
54357
62550
54358
62551
54359
62552
54360
62553
54361
62554
54362
62555
54363
62556
54364
62557
62558
62559
62560
62561
62562
62563
62564
62565
62566
62567
62568
62569
62570
62571
62572
62573
62574
62575
62576
62577
62578
62579
62580
62581
54389
62582
54390
62583
54391
62584
54392
62585
54393
62586
54394
62587
54395
62588
54396
62589
54397
62590
54398
62591
54399
62592
54400
62593
54401
62594
54402
62595
54403
62596
54404
62597
54405
62598
54406
62599
54407
62600
54408
62601
54409
62602
54410
62603
54411
62604
54412
62605
54413
62606
54414
62607
54415
62608
54416
62609
54417
62610
54418
62611
54419
62612
54420
62613
54421
62614
54422
62615
54423
62616
54424
62617
54425
62618
54426
62619
54427
62620
54428
62621
54429
62622
54430
62623
54431
62624
54432
62625
54433
62626
54434
54435
54436
54437
54438
54439
54440
54441
54442
54443
54444
54445
54446
54447
54448
54449
54450
54451
54452
54453
54454
54455
54456
54457
54458
54459
54460
54461
54462
54463
54464
54465
54466
54467
54468
54469
54470
54471
54472
54473
54474
54475
54476
54477
54478
54479
54480
54481
54482
54483
54484
54485
54486
54487
54488
54489
54490
54491
54492
54493
54494
54495
54496
54497
54498
54499
54500
54501
54502
54503
54504
54505
54506
54507
54508
54509
54510
54511
54512
54513
54514
54515
54516
54517
54518
54519
54520
54521
54522
54523
54524
54525
54526
54527
54528
54529
54530
54531
54532
54533
54534
54535
54536
54537
54538
54539
54540
54541
54542
54543
54544
54545
54546
54547
54548
54549
54550
54551
54552
54553
54554
54555
54556
54557
54558
54559
54560
54561
54562
54563
54564
54565
54566
54567
54568
54569
54570
54571
54572
54573
54574
54575
54576
54577
54578
54579
54580
54581
54582
54583
54584
54585
54586
54587
54588
54589
54590
54591
54592
54593
54594
54595
54596
54597
54598
54599
54600
54601
54602
54603
54604
54605
54606
54607
54608
54609
54610
54611
54612
54613
54614
54615
54616
54617
54618
54619
54620
54621
54622
54623
54624
54625
54626
54627
54628
54629
54630
54631
54632
54633
54634
54635
54636
54637
54638
54639
54640
54641
54642
54643
54644
54645
54646
54647
54648
54649
54650
54651
54652
54653
54654
54655
54656
54657
54658
54659
54660
54661
54662
54663
54664
54665
54666
54667
54668
54669
54670
54671
54672
54673
54674
54675
54676
54677
54678
54679
54680
54681
54682
54683
54684
54685
54686
54687
54688
54689
54690
54691
54692
54693
54694
54695
54696
54697
54698
54699
54700
54701
54702
54703
54704
54705
54706
54707
54708
54709
54710
62903
54711
62904
54712
62905
54713
62906
54714
62907
54715
62908
54716
62909
54717
62910
54718
62911
54719
54720
54721
54722
54723
54724
54725
62918
54726
62919
54727
62920
54728
54729
54730
54731
54732
54733
54734
54735
54736
54737
54738
54739
54740
54741
54742
54743
54744
54745
54746
54747
54748
54749
54750
54751
54752
54753
54754
54755
54756
54757
54758
54759
54760
54761
54762
54763
54764
54765
54766
54767
54768
54769
54770
54771
54772
54773
54774
54775
54776
54777
54778
54779
54780
54781
62974
62975
62976
62977
62978
62979
62981
62982
62983
62984
62985
62986
62987
62991
62992
63001
63002
63003
63004
63005
63006
63010
63011
63012
63016
63017
63018
63019
63020
63021
63023
63024
63025
63026
63027
63028
63044
63045
63046
63047
63051
63052
63053
63057
54865
54866
54867
54868
63061
54869
54870
54871
54872
63065
54873
54874
54875
54877
54878
54879
63072
54880
63073
63074
54882
63075
54883
54884
54885
54887
54888
63081
54889
63082
54890
63083
54891
63084
54892
63085
54893
63086
54894
54895
54896
63089
54897
63090
63091
54899
63092
54900
63093
54901
63094
54902
54903
54904
54905
54906
54907
54908
54909
54910
54911
63104
63105
63106
63107
63108
63109
63110
63111
63112
63113
63114
63115
63116
63117
63118
63119
63120
63121
63122
63123
63124
63125
63126
63127
63128
54936
63129
54937
63130
54938
63131
54939
63132
63133
63134
63135
63136
63137
63138
63139
63140
63141
63142
63143
63144
63145
63146
63147
63148
63149
63150
63151
63152
63153
63154
63155
54963
63156
63157
54965
63158
54966
63159
54967
63160
54968
63161
63162
54970
63163
54971
63164
54972
63165
54973
63166
54974
63167
54975
63168
54976
63169
54977
63170
63171
63172
63173
63174
63175
63176
63177
63178
63179
63180
63181
63182
63183
63184
63185
63186
63187
63188
63189
63190
63191
63192
63193
63194
63195
63196
55004
63197
55005
63198
55006
63199
55007
55008
55009
55010
55011
55012
55013
55014
55015
55016
55017
55018
55019
55020
55021
55022
55023
55025
55026
55027
55031
55032
55033
55034
55035
55036
55037
55038
55039
55040
55041
55042
55043
55044
55045
55046
55048
55049
55050
55052
55053
55054
63247
55055
63248
63249
63250
55058
63251
55059
63252
55060
55061
55065
55069
55070
55071
63268
63269
63270
63271
63272
63273
63274
63275
63276
63277
63278
63279
63280
63281
63282
63283
63284
63285
63286
63287
63288
63289
63290
63291
63292
63293
63294
63295
63296
63297
63298
63299
63300
55112
55115
55116
55117
55124
55125
55126
55127
55128
55129
55130
55132
55134
55135
55136
63331
63332
63333
63334
55142
63335
55143
63336
63340
63341
63342
63343
63344
63345
63346
63347
63348
63349
55157
63350
55158
63351
55159
63352
55160
63353
55161
63354
55162
63355
55163
63356
55164
63357
55165
63358
55166
55167
55168
55169
55170
55171
55172
55173
55174
55175
55176
55177
55178
55179
55180
55181
55182
55183
55184
55185
55186
55187
55188
55189
55190
55191
55192
55193
55194
55195
55196
55197
55198
55199
55200
55201
55202
55203
55204
55205
55206
55207
55208
63401
55209
63402
55210
63403
55211
55212
55213
55214
55215
55216
55217
55218
55219
55220
63413
55221
63414
55222
63415
55223
63416
55224
63417
55225
63418
55226
63419
55227
63420
55228
63421
55229
63422
55230
63423
55231
63424
55232
63425
55233
63426
55234
63427
55235
55236
55237
55238
55239
55240
55241
55242
55243
55244
55245
55246
55247
55248
55249
55250
55251
55252
55253
55254
55255
55256
55257
55258
55259
55260
55261
55262
55263
55264
55265
55266
55267
55268
55269
55270
55271
55272
55273
55274
55275
55276
55277
55278
55279
55280
55281
55282
55283
55284
55285
55286
55287
55288
55289
55290
55291
55292
55293
55294
55295
55296
55297
55298
55299
55300
55301
55302
55303
55304
55305
55306
55307
55308
55309
55310
55311
55312
55313
55314
55315
55316
55317
55318
55319
55320
55321
55322
55323
55324
55325
55326
55327
55328
55329
55330
55331
55332
55333
55334
55335
55336
55337
55338
55339
55340
55341
55342
55343
55344
55345
55346
55347
55348
55349
55350
55351
55352
55353
55354
55355
55356
55357
55358
55359
55360
55361
55362
55363
55364
55365
55366
55367
55368
55369
55370
55371
55372
55373
55374
55375
55376
55377
55378
55379
55380
55381
55382
55383
55384
55385
55386
55387
55388
55389
55390
55391
55392
55393
55394
55395
55396
55397
55398
55399
55400
55401
55402
55403
55404
55405
55406
55407
55408
55409
55410
55411
55412
55413
55414
55415
55416
55417
55418
55419
55420
55421
55422
55423
55424
55425
55426
55427
55428
55429
55430
55431
55432
55433
55434
55435
55436
55437
55438
55439
55440
55441
55442
55443
55444
55445
55446
55447
55448
55449
55450
55451
55452
55453
55454
55455
55456
55457
55458
55459
55460
55461
55462
55463
55464
55465
55466
55467
55468
55469
55470
55471
55472
55473
55474
55475
55476
55477
55478
55479
55480
55481
55482
55483
55484
55485
55486
55487
55488
55489
55490
55491
55492
55493
55494
55495
55496
55497
55498
55499
55500
55501
55502
55503
55504
55505
55506
55507
39643
39644
39645
39646
39647
39648
39649
39650
39651
39652
39653
39654
39655
39656
39657
39669
39670
39671
39672
39673
39674
39675
56060
39676
56061
56062
56063
39681
39682
39683
39684
39685
39686
39687
39688
39689
39693
39694
39695
39696
39697
39698
39699
39700
39701
39702
39703
39704
39705
39706
39707
39708
39709
39710
39711
39712
39713
39714
39715
39716
39717
39718
39719
39720
39721
39722
39723
39724
39725
39726
39727
39728
39729
39730
39731
39732
39733
39734
39735
39736
39737
39738
39739
56134
56135
56136
56137
56138
56139
56140
56141
56142
56143
56144
56145
56146
56147
56148
56149
56150
56151
56152
56153
56154
56155
56156
56157
56158
56159
56160
56161
56162
56303
56304
56305
56306
56307
56308
56309
56310
56311
56312
56313
56314
56315
56316
56317
56318
56319
56320
56321
56322
56323
56324
56325
56326
56327
56328
56329
56330
56331
56332
56333
56334
56335
56336
56337
56338
56339
56340
56341
56342
56343
56344
56345
56346
56347
56348
39964
56349
39965
56350
39966
56351
39967
56352
39968
56353
56354
56355
56356
56357
56358
56359
56360
56361
56362
56363
56364
56365
56366
56367
56368
56369
56370
39986
56371
39987
56372
39988
56373
39989
56374
39990
56375
39991
56376
39992
56377
56378
56379
56380
56381
56382
56383
39999
56384
40000
56385
40001
56386
40002
56387
56388
56389
56390
56391
56392
56393
56394
56395
56402
56403
56404
56405
56406
56407
56408
56409
56410
56411
56412
56413
56414
56415
56416
56417
56418
56419
56420
40036
56421
40037
56422
40038
56423
56424
56425
56426
56427
56428
56429
56430
56431
56432
56433
56434
56435
56436
56437
56438
56439
56440
56441
40057
56442
40058
56443
40059
56444
56445
56446
56447
56448
56449
56450
56451
56452
56453
56454
56455
56456
56457
56458
40078
40079
40080
40081
40104
40105
40106
40107
40108
40109
40110
40111
40112
40113
40114
40115
40116
40117
40118
40119
40120
40121
40122
40123
40124
40125
40126
40127
40128
40129
40130
40131
40132
40133
40134
40135
40136
40137
40138
40139
40140
40141
40142
40143
56528
40144
56529
40145
56530
40146
56531
40147
56532
40148
56533
40149
56534
40150
56535
40151
56536
40152
56537
40153
56538
40154
56539
40155
56540
40156
56541
40157
56542
40158
56543
40159
56544
40160
56545
40161
56546
40162
56547
40163
56548
40164
56549
40165
56550
40166
40167
40168
40169
40170
40171
40172
40173
40174
40175
40176
40177
40178
40179
40180
40181
40182
56567
40183
56568
40184
56569
40185
56570
40186
56571
40187
56572
40188
56573
40189
56574
40190
56575
40191
56576
40192
56577
40193
56578
40194
56579
40195
56580
40196
56581
40197
56582
40198
56583
40199
56584
40200
56585
40201
56586
40202
56587
40203
56588
40204
56589
40205
56590
40206
56591
40207
56592
40208
56593
40209
40210
40211
40212
40213
40214
40215
40216
40217
40218
40219
40220
40221
40222
40223
40224
40225
40226
40227
40228
40229
40230
40231
40232
40233
40234
40235
40236
40237
40238
40239
40240
40241
40242
40243
40244
40245
40246
40247
40248
40249
40250
40251
40252
40253
40254
40255
40256
40257
40258
40259
40260
40261
40262
40263
40264
40265
40266
40267
40268
40269
40270
40271
40272
40273
40274
40275
40276
56661
56662
56663
56664
56665
56666
56667
56668
56669
56670
56671
56672
56673
56674
56675
56676
56677
56678
56679
56680
56681
56682
56683
56684
56685
56686
56687
56688
56689
56690
56691
56692
56693
56694
56695
56696
56697
56698
56699
56700
56701
56702
56703
56704
56705
56706
56707
56708
56709
56710
56711
56712
56713
56714
56715
56716
56717
56718
56719
56720
56721
56722
56723
56724
56725
56726
56727
56728
56729
56730
56731
56732
56733
56734
56735
56736
56737
56738
56739
56740
56741
56742
56743
56744
40407
40408
40409
40410
40411
40412
40413
40417
40418
40419
40445
40446
40447
40482
40483
40484
40519
40520
40521
40526
40527
40528
40549
40550
40551
40552
40553
40554
40555
40556
40557
40558
40559
40560
40561
40562
40563
40564
40565
40566
40567
40568
40569
40570
40571
40572
40573
40574
40575
40576
56961
40577
56962
40578
56963
40579
56964
40580
56965
40581
56966
40582
56967
40583
56968
40584
56969
40585
40586
40587
40588
40589
40590
40591
40592
40593
40594
40595
40596
40597
40598
40599
40600
40601
40602
40603
40604
40605
40606
40607
40608
40609
40610
40611
40612
40613
40614
40615
40616
40617
40618
40619
40620
40621
40622
40623
40624
40625
40626
40627
40628
40629
40630
40631
40632
40633
40634
40635
40636
40637
40638
57023
40639
57024
40640
57025
40641
57026
40642
57027
57028
57029
57030
40646
57031
40647
40648
40649
40651
40653
40654
40655
40656
40657
40658
40659
40660
40661
40662
40666
40667
40668
40669
40670
40671
40672
40673
40674
40675
40676
40677
40678
40679
40680
40681
40682
40683
40684
40685
40686
40687
40688
57073
40689
57074
40690
57075
40691
57076
40692
57077
40693
57078
40694
57079
40695
57080
40696
57081
40697
40698
40699
40700
40701
40702
40703
40704
40705
40706
40707
40709
40713
40714
40715
40716
40717
40718
40719
40721
40722
40724
40725
40726
40728
40729
40730
40731
40732
40733
40734
40735
40739
40740
40741
40742
40743
40744
40745
40746
40747
40748
40749
40750
40751
40752
40753
40754
40755
40756
40757
40758
40759
40760
40761
40762
40763
40764
40765
40766
57151
40767
57152
40768
57153
40769
57154
40770
57155
40771
57156
40772
57157
40773
57158
40774
57159
40775
57160
40776
57161
40777
57162
40778
40779
40780
40781
40782
40783
40784
40785
40786
40787
40788
40789
40790
57175
40791
57176
40792
57177
57178
57179
57180
40796
57181
40797
57182
40798
57183
40799
40800
40801
57186
40802
57187
40803
57188
40804
57189
40805
57190
40806
57191
40807
57192
40808
57193
57194
57195
57196
57197
40813
57198
40814
57199
40815
57200
40816
57201
57202
57203
57204
40820
57205
40821
57206
40822
57207
40823
57208
40824
57209
40825
57210
40826
57211
40827
57212
57213
57214
57215
57216
40832
57217
40833
57218
40834
57219
40835
57220
40836
57221
40837
57222
40838
57223
40839
57224
40840
57225
40841
57226
40842
57227
40843
57228
40844
40845
40846
40847
40848
40849
40850
40851
40852
40853
40854
40855
40856
40857
40858
40859
40860
40865
40866
40867
40868
40869
40870
40871
40872
40876
40877
40878
40879
40882
40883
40884
40885
40887
40888
40889
40890
40891
40892
40893
40894
40895
40896
40897
40898
40899
40900
40901
40902
40903
40904
40905
40906
40907
40908
40909
40910
40911
40912
40913
40914
40915
40916
40917
40918
40922
40923
40924
40925
40926
40927
40928
40929
57316
57317
40933
57318
40934
57319
40935
57320
40936
57321
57322
57323
57324
40940
57325
40941
57326
40942
57327
40943
57328
57329
40945
57330
40946
57331
40947
57332
40948
57333
40949
57334
40950
57335
40951
57336
40952
57337
40953
40954
40955
40956
40957
57342
40958
57343
)


// ************************************************************************* //
