/*--------------------------------*- C++ -*----------------------------------*\
| =========                 |                                                 |
| \\      /  F ield         | OpenFOAM: The Open Source CFD Toolbox           |
|  \\    /   O peration     | Version:  2406                                  |
|   \\  /    A nd           | Website:  www.openfoam.com                      |
|    \\/     M anipulation  |                                                 |
\*---------------------------------------------------------------------------*/
FoamFile
{
    version     2.0;
    format      binary;
    arch        "LSB;label=32;scalar=64";
    class       faceSet;
    location    "constant/polyMesh/sets";
    object      wrongFaces;
}
// * * * * * * * * * * * * * * * * * * * * * * * * * * * * * * * * * * * * * //


9314
(
49541
49542
49543
49544
49545
49546
49547
49548
49549
49550
49551
49552
49553
49554
49555
49556
49557
49558
49559
49560
49561
49562
49563
49564
49565
49566
49567
49568
49569
49570
49571
49572
49573
49574
49575
49576
49577
49578
49579
49664
49665
49666
49676
49677
49678
49682
49683
49684
49800
49801
49802
49803
49804
49805
49806
49809
49810
49811
49812
49816
49817
49818
49819
49821
49822
49823
49845
49846
49847
49848
49849
49850
49865
49866
49867
49868
49869
49870
49871
49872
49873
49874
49875
49876
49877
49878
49879
49880
49881
49882
49883
49884
49885
49886
49887
49888
49889
49890
49891
49892
49893
49894
49895
49896
49897
49898
49899
49900
49901
49902
49903
49904
49905
49906
49907
49908
49909
49910
49911
49912
49913
49914
49915
49916
49917
49918
49919
49920
49921
49922
49923
49924
49925
49926
49927
49928
49929
49930
49931
49932
49933
49934
49935
49936
49937
49938
49939
49940
49941
49942
49943
49944
49945
49946
49947
49948
49949
49950
49951
49952
49953
49954
49955
49956
49957
49958
49959
49960
49961
49962
49963
49964
49965
49966
49967
49968
49969
49970
49971
49972
49973
49974
49975
49976
49977
49978
49979
49980
49981
49982
49983
49984
49985
49986
49987
49988
49989
49990
49991
49992
49993
49994
49995
49996
49997
49998
49999
50000
50001
50002
50003
50004
50005
50006
50007
50008
50009
50010
50011
50012
50013
50014
50015
50016
50017
50018
50019
50020
50021
50022
50023
50024
50025
50026
50027
50028
50029
50030
50031
50032
50033
50034
50035
50036
50050
50051
50052
50055
50056
50057
50064
50065
50066
50161
50162
50163
50164
50165
50166
50167
50168
50169
50170
50171
50172
50173
50174
50175
50176
50177
50178
50179
50180
50181
50182
50183
50184
50185
50186
50187
50188
50189
50190
50191
50192
50193
50194
50195
50196
50197
50198
50199
50200
50201
50202
50203
50204
50205
50206
50207
50208
50209
50210
50211
50212
50213
50214
50215
50216
50217
50218
50219
50220
50221
50222
50223
50224
50225
50226
50227
50228
50229
50230
50231
50232
50233
50234
50235
50236
50237
50238
50239
50240
50241
50242
50243
50244
50245
50246
50247
50248
50249
50250
50251
50252
50253
50254
50255
50256
50257
50258
50259
50260
50261
50262
50263
50264
50265
50266
50267
50268
50269
50270
50271
50272
50273
50274
50275
50276
50277
50278
50279
50280
50281
50282
50283
50284
50285
50286
50287
50288
50289
50290
50291
50292
50293
50294
50295
50296
50297
50298
50299
50300
50304
50305
50306
50307
50308
50309
50310
50315
50316
50317
50318
50319
50320
50321
50333
50334
50335
50336
50346
50347
50348
50367
50368
50369
50371
50372
50373
50374
50378
50379
50380
50381
50382
50383
50384
50387
50388
50389
50397
50398
50399
50400
50410
50411
50412
50415
50416
50417
50424
50425
50426
50429
50430
50431
50434
50435
50436
50446
50447
50448
50450
50451
50452
50453
50454
50455
50456
50457
50458
50459
50470
50471
50472
50473
50474
50475
50476
50477
50478
50479
50480
50481
50482
50483
50484
50485
50486
50487
50488
50489
50490
50491
50492
50493
50494
50495
50496
50510
50511
50512
50515
50516
50517
50521
50522
50523
50526
50527
50528
50529
50530
50531
50532
50533
50534
50535
50536
50537
50538
50539
50540
50541
50542
50543
50544
50545
50546
50547
50548
50549
50550
50551
50552
50553
50554
50555
50556
50557
50558
50559
50560
50561
50562
50563
50564
50565
50566
50567
50568
50569
50570
50571
50584
50585
50586
50589
50590
50591
50606
50607
50608
50625
50626
50627
50634
50635
50636
50637
50638
50639
50640
50641
50642
50643
50644
50645
50646
50647
50648
50649
50650
50651
50652
50653
50654
50655
50656
50657
50658
50659
50660
50661
50662
50663
50664
50665
50666
50667
50668
50669
50670
50671
50672
50673
50674
50675
50676
50677
50678
50679
50680
50681
50682
50683
50684
50685
50686
50687
50688
50689
50690
50691
50692
50693
50694
50695
50696
50697
50698
50699
50700
50701
50702
50703
50704
50705
50706
50707
50708
50709
50710
50711
50712
50713
50714
50715
50716
50717
50718
50719
50720
50721
50722
50723
50724
50725
50726
50727
50728
50729
50730
50731
50732
50733
50734
50735
50736
50737
50738
50739
50740
50741
50742
50743
50744
50745
50746
50747
50748
50749
50750
50751
50752
50753
50754
50755
50756
50757
50758
50759
50760
50761
50762
50763
50764
50765
50766
50767
50768
50769
50770
50771
50772
50773
50774
50775
50776
50777
50778
50779
50780
50781
50782
50783
50784
50785
50786
50787
50788
50789
50790
50791
50792
50793
50794
50795
50796
50797
50798
50799
50800
50801
50802
50803
50804
50805
50806
50807
50808
50809
50810
50811
50812
50813
50814
50815
50816
50817
50818
50819
50820
50821
50822
50823
50824
50825
50826
50827
50828
50829
50830
50831
50832
50833
50834
50835
50836
50837
50838
50839
50840
50841
50842
50843
50844
50845
50846
50847
50848
50849
50850
50851
50852
50853
50854
50855
50856
50857
50858
50859
50860
50861
50862
50863
50864
50865
50866
50867
50868
50869
50870
50871
50872
50873
50874
50875
50876
50877
50878
50879
50880
50881
50882
50883
50884
50885
50886
50887
50888
50889
50890
50891
50892
50893
50894
50895
50896
50897
50898
50899
50900
50901
50902
50903
50904
50905
50906
50907
50908
50909
50910
50911
50912
50913
50914
50915
50916
50917
50918
50919
50920
50921
50922
50923
50924
50925
50926
50927
50928
50929
50930
50931
50932
50933
50934
50935
50936
50937
50938
50939
50940
50941
50942
50943
50944
50945
50946
50947
50948
50949
50950
50951
50952
50953
50954
50955
50956
50957
50958
50959
50960
50961
50962
50963
50964
50965
50966
50967
50968
50969
50970
50971
50972
50973
50974
50975
50976
50977
50978
50979
50980
50981
50982
50983
50984
50985
50986
50987
50988
50989
50990
50991
50992
50993
50994
50995
50996
50997
50998
50999
51000
51001
51002
51003
51004
51005
51006
51007
51008
51009
51010
51011
51012
51013
51014
51015
51016
51017
51018
51019
51020
51021
51022
51023
51024
51025
51026
51027
51028
51029
51030
51031
51032
51033
51034
51035
51036
51037
51038
51039
51040
51041
51042
51043
51044
51045
51046
51047
51048
51049
51050
51051
51052
51053
51054
51055
51056
51057
51058
51059
51060
51061
51062
51063
51064
51065
51066
51067
51068
51069
51070
51071
51072
51073
51074
51075
51076
51077
51078
51079
51080
51081
51082
51083
51084
51085
51086
51087
51088
51089
51090
51091
51092
51096
51097
51098
51101
51102
51103
51116
51117
51118
51131
51132
51133
51136
51137
51138
51141
51142
51143
51153
51154
51155
51186
51187
51188
51189
51190
51191
51192
51212
51213
51214
51218
51219
51220
51221
51222
51226
51227
51228
51229
51232
51233
51234
51235
51238
51239
51240
51241
51248
51249
51250
51252
51253
51254
51255
51256
51257
51258
51259
51262
51263
51264
51265
51269
51270
51271
51273
51274
51275
51276
51282
51283
51284
51285
51300
51301
51302
51305
51306
51307
51308
51309
51310
51311
51314
51315
51316
51317
51320
51321
51322
51323
51324
51325
51326
51329
51330
51331
51332
51336
51337
51338
51339
51340
51341
51342
51343
51344
51345
51346
51347
51348
51349
51350
51351
51352
51353
51354
51355
51356
51357
51358
51359
51360
51361
51362
51363
51364
51365
51366
51367
51368
51369
51370
51371
51372
51373
51374
51375
51376
51377
51378
51379
51380
51381
51382
51383
51384
51385
51386
51387
51388
51389
51390
51391
51392
51393
51394
51395
51396
51397
51398
51399
51400
51401
51402
51403
51404
51405
51406
51407
51408
51409
51410
51411
51412
51413
51414
51415
51416
51417
51418
51419
51420
51421
51422
51423
51424
51425
51426
51427
51428
51429
51430
51431
51432
51433
51434
51435
51436
51437
51438
51439
51440
51441
51442
51443
51444
51445
51446
51447
51448
51449
51450
51451
51452
51453
51454
51455
51456
51457
51458
51459
51460
51461
51462
51463
51464
51465
51466
51467
51468
51469
51470
51471
51472
51473
51474
51475
51476
51477
51478
51479
51480
51481
51482
51483
51484
51485
51486
51487
51488
51489
51490
51491
51492
51493
51494
51495
51496
51497
51498
51499
51500
51501
51502
51503
51504
51505
51506
51507
51508
51509
51510
51511
51512
51513
51514
51515
51516
51517
51518
51519
51520
51521
51522
51523
51524
51525
51526
51527
51528
51529
51530
51531
51532
51533
51534
51535
51536
51537
51538
51539
51540
51541
51542
51543
51544
51545
51546
51547
51548
51549
51550
51551
51552
51553
51554
51555
51556
51557
51558
51559
51560
51561
51562
51563
51564
51565
51566
51567
51568
51569
51570
51571
51572
51573
51574
51575
51576
51577
51578
51579
51580
51581
51582
51583
51584
51585
51586
51587
51588
51589
51590
51591
51592
51593
51594
51595
51596
51597
51598
51599
51600
51601
51602
51603
51604
51605
51606
51607
51608
51609
51610
51611
51612
51613
51614
51615
51616
51617
51618
51619
51620
51621
51622
51623
51624
51625
51626
51627
51628
51629
51630
51631
51632
51633
51634
51635
51636
51637
51638
51639
51640
51641
51642
51643
51644
51645
51646
51647
51648
51649
51650
51651
51652
51653
51654
51655
51656
51657
51658
51659
51660
51661
51662
51663
51664
51665
51666
51667
51668
51669
51670
51671
51672
51673
51674
51675
51676
51677
51678
51679
51680
51681
51682
51683
51684
51685
51686
51687
51688
51689
51690
51691
51692
51693
51694
51695
51696
51697
51698
51699
51700
51701
51702
51703
51704
51705
51706
51707
51708
51709
51710
51711
51712
51713
51714
51715
51716
51717
51718
51719
51720
51721
51722
51723
51724
51725
51726
51727
51728
51729
51730
51731
51732
51733
51734
51735
51736
51737
51738
51739
51740
51741
51742
51743
51744
51745
51746
51747
51748
51749
51750
51751
51752
51753
51754
51755
51756
51757
51758
51759
51760
51761
51762
51763
51764
51765
51766
51767
51768
51769
51770
51771
51772
51773
51774
51775
51776
51777
51778
51779
51780
51781
51782
51783
51784
51785
51786
51787
51788
51789
51790
51791
51792
51793
51794
51795
51796
51797
51798
51799
51800
51801
51802
51803
51804
51805
51806
51807
51808
51809
51810
51811
51812
51813
51814
51815
51816
51817
51818
51819
51820
51821
51822
51823
51824
51825
51826
51827
51828
51829
51830
51831
51832
51833
51834
51835
51836
51837
51838
51839
51840
51841
51842
51843
51844
51845
51846
51847
51848
51849
51850
51851
51852
51853
51854
51855
51856
51857
51858
51859
51860
51861
51862
51863
51864
51865
51866
51867
51868
51869
51870
51871
51872
51873
51874
51875
51876
51877
51878
51879
51880
51881
51882
51883
51884
51885
51886
51887
51888
51889
51890
51891
51892
51893
51894
51895
51896
51897
51898
51899
51900
51901
51902
51903
51904
51905
51906
51907
51908
51909
51910
51911
51912
51913
51914
51915
51916
51917
51918
51919
51920
51921
51922
51923
51924
51925
51926
51927
51928
51929
51930
51931
51932
51933
51934
51935
51936
51937
51938
51939
51940
51941
51942
51943
51944
51945
51946
51947
51948
51949
51950
51951
51952
51953
51954
51955
51956
51957
51958
51959
51960
51961
51962
51963
51964
51965
51966
51967
51968
51969
51970
51971
51972
51973
51974
51975
51976
51977
51978
51979
51980
51981
51982
51983
51984
51985
51986
51987
51988
51989
51990
51991
51992
51993
51994
51995
51996
51997
51998
51999
52000
52001
52002
52003
52004
52005
52006
52007
52008
52009
52010
52011
52012
52013
52014
52015
52016
52017
52018
52019
52020
52021
52022
52023
52024
52025
52026
52027
52028
52029
52030
52031
52032
52033
52034
52035
52036
52037
52038
52039
52040
52041
52042
52043
52044
52045
52046
52047
52048
52049
52050
52051
52052
52053
52054
52055
52056
52057
52058
52059
52060
52061
52062
52063
52064
52065
52066
52067
52068
52069
52070
52071
52072
52073
52074
52075
52076
52077
52078
52079
52080
52081
52082
52083
52084
52085
52086
52087
52088
52089
52090
52091
52092
52093
52094
52095
52096
52097
52098
52099
52100
52101
52102
52103
52104
52105
52106
52107
52108
52109
52110
52111
52112
52113
52114
52115
52116
35733
52117
35734
52118
35735
52119
35736
52120
35737
52121
35738
52122
35739
52123
35740
52124
35741
52125
52126
52127
52128
52129
52130
35747
52131
35748
52132
35749
52133
35750
52134
35751
52135
35752
52136
35753
52137
35754
35755
35756
35757
35758
35759
35760
35761
35762
35763
52147
35764
52148
35765
52149
35766
52150
35767
52151
35768
52152
35769
52153
35770
52154
35771
52155
35772
52156
52157
52158
52159
52160
52161
52162
52163
52164
52165
52166
52167
52168
52169
52170
52171
52172
52173
52174
52175
52176
52177
52178
52179
52180
52181
52182
52183
52184
52185
52186
52187
52188
52189
52190
52191
52192
52193
52194
52195
52196
52197
52198
52199
52200
52201
52202
52203
52204
52205
35822
52206
35823
52207
35824
52208
35825
52209
52210
52211
52212
52213
35830
52214
35831
52215
35832
52216
52217
52218
52219
52220
52221
52222
35839
52223
35840
52224
35841
52225
35842
52226
35843
52227
35844
52228
35845
52229
35846
52230
35847
52231
35848
52232
52233
52234
35851
52235
35852
52236
35853
52237
35854
52238
52239
52240
35857
52241
35858
52242
35859
52243
35860
52244
35861
52245
35862
52246
35863
52247
35864
52248
35865
52249
35866
52250
35867
52251
35868
52252
35869
52253
35870
52254
35871
52255
35872
52256
35873
52257
35874
52258
35875
52259
35876
52260
35877
52261
35878
52262
35879
52263
35880
52264
35881
52265
35882
52266
35883
52267
52268
52269
35886
52270
35887
52271
35888
52272
52273
35890
52274
35891
52275
35892
52276
35893
52277
35894
52278
35895
52279
35896
52280
35897
52281
52282
52283
52284
52285
52286
35903
52287
35904
52288
35905
52289
35906
52290
35907
52291
35908
52292
35909
52293
35910
52294
35911
52295
35912
52296
35913
52297
35914
52298
35915
52299
35916
52300
35917
52301
35918
52302
35919
52303
35920
52304
52305
52306
52307
52308
52309
52310
52311
52312
52313
52314
52315
52316
52317
52318
52319
52320
52321
52322
52323
52324
52325
52326
52327
52328
52329
52330
52331
52332
52333
52334
52335
52336
52337
52338
52339
52340
52341
52342
52343
52344
52345
52346
52347
52348
52349
52350
52351
52352
52353
52354
52355
52356
52357
52358
52359
52360
52361
52362
52363
52364
52365
52366
52367
52368
52369
52370
52371
52372
52373
52374
52375
52376
52377
52378
52379
52380
52381
52382
52383
52384
52385
52386
52387
36004
52388
36005
52389
36006
52390
36007
52391
36008
52392
36009
52393
36010
52394
36011
52395
36012
52396
36013
52397
36014
52398
36015
52399
36016
52400
36017
52401
36018
52402
36019
52403
36020
52404
36021
52405
36022
52406
36023
52407
36024
52408
36025
52409
36026
52410
36027
52411
36028
52412
36029
52413
36030
52414
36031
52415
36032
52416
36033
52417
36034
52418
36035
52419
36036
52420
36037
52421
36038
52422
52423
52424
52425
52426
52427
52428
52429
52430
52431
52432
52433
52434
52435
52436
52437
52438
52439
52440
52441
52442
52443
52444
52445
52446
52447
52448
52449
52450
52451
52452
52453
52454
52455
52456
52457
52458
52459
52460
52461
52462
52463
52464
52465
52466
52467
52468
52469
52470
52471
52472
36089
52473
36090
52474
36091
52475
36092
52476
52477
36094
52478
36095
52479
36096
52480
52481
52482
52483
52484
52485
52486
52487
52488
52489
52490
52491
52492
52493
52494
52495
52496
52497
52498
52499
52500
52501
52502
52503
52504
52505
52506
52507
52508
52509
52510
52511
52512
36129
52513
36130
52514
36131
52515
36132
52516
52517
52518
52519
52520
36137
52521
36138
52522
36139
52523
36140
52524
36141
52525
36142
52526
36143
52527
36144
52528
36145
52529
52530
52531
52532
52533
52534
52535
52536
52537
52538
52539
52540
52541
52542
52543
52544
52545
52546
52547
52548
52549
52550
52551
52552
52553
36170
52554
36171
52555
36172
52556
36173
52557
36174
52558
36175
52559
36176
52560
36177
52561
36178
52562
36179
52563
36180
52564
52565
52566
52567
52568
52569
36186
52570
36187
52571
36188
52572
36189
52573
52574
52575
52576
52577
52578
52579
52580
52581
52582
52583
52584
52585
52586
52587
52588
36205
52589
36206
52590
36207
52591
36208
52592
36209
52593
36210
52594
36211
52595
36212
52596
36213
52597
36214
52598
36215
52599
36216
52600
36217
52601
36218
52602
36219
52603
36220
52604
36221
52605
36222
52606
36223
52607
36224
52608
36225
52609
36226
52610
36227
52611
36228
52612
36229
52613
36230
52614
36231
52615
36232
52616
36233
52617
36234
52618
36235
52619
36236
52620
36237
52621
36238
52622
36239
52623
36240
52624
36241
52625
36242
52626
36243
52627
36244
52628
36245
52629
36246
52630
36247
52631
36248
52632
36249
52633
36250
52634
36251
52635
36252
52636
36253
52637
36254
52638
36255
52639
36256
52640
36257
52641
36258
52642
36259
52643
36260
52644
36261
52645
36262
52646
36263
52647
36264
52648
36265
52649
36266
52650
36267
52651
36268
52652
36269
52653
36270
52654
36271
52655
36272
52656
36273
52657
36274
52658
36275
52659
36276
52660
36277
52661
36278
52662
36279
52663
36280
52664
36281
52665
36282
52666
36283
52667
36284
52668
36285
52669
36286
52670
36287
52671
36288
52672
36289
52673
36290
52674
36291
52675
36292
52676
36293
52677
36294
52678
36295
52679
52680
52681
36298
52682
36299
52683
36300
52684
36301
52685
36302
52686
52687
36304
52688
36305
52689
36306
52690
36307
52691
36308
52692
36309
52693
36310
52694
36311
52695
36312
52696
36313
52697
36314
52698
36315
52699
36316
52700
36317
52701
36318
52702
36319
52703
36320
52704
36321
52705
36322
52706
36323
52707
36324
52708
36325
52709
36326
52710
36327
52711
36328
52712
36329
52713
36330
52714
36331
52715
36332
52716
36333
52717
36334
52718
36335
52719
36336
52720
36337
52721
36338
52722
36339
52723
36340
52724
36341
52725
36342
52726
36343
52727
52728
52729
52730
52731
52732
52733
52734
52735
52736
52737
52738
52739
52740
52741
52742
36367
36368
36369
36370
36374
36375
36376
36377
36381
36382
36383
36384
36385
36386
36387
36388
36389
36390
36391
36392
36393
36394
36395
36396
36397
36398
36399
36400
36401
36402
36403
36404
36405
36406
36407
36408
36409
36410
36411
36412
36413
36414
36415
36416
36417
36418
36419
36420
36421
36422
36423
36424
36425
36426
36427
36428
36429
36430
36431
36432
36433
36434
36435
36436
36437
36438
36439
36440
36441
36442
36443
36444
36445
36446
36447
36448
36449
36450
36451
36452
36453
52837
36454
52838
36455
52839
36456
36457
36458
36459
36460
36461
36464
36465
36466
36467
52882
52883
52884
52885
52886
36511
36512
36513
52902
52903
52904
52905
52906
52907
52908
52909
52910
52911
52912
52913
52914
52915
52916
52917
52918
52919
52920
52921
52922
52923
52924
52925
52926
52927
52928
52929
52930
52931
52932
52933
52934
52935
52936
52937
52938
52939
52940
52941
52942
52943
52944
52945
52946
52947
52948
52949
52950
52951
52952
52953
52954
52955
52956
52957
52958
52959
52960
52961
52962
52963
52964
52965
52966
52967
52968
52969
52970
52971
52972
52973
52974
52975
52976
52977
52978
52979
52980
52981
52982
36599
52983
36600
52984
36601
52985
52986
52987
52988
36605
52989
36606
52990
36607
52991
36608
52992
52993
52994
52995
52996
52997
52998
52999
53000
53001
53002
53003
53004
53005
53006
53007
53008
53009
53010
36627
53011
36628
53012
36629
53013
36630
53014
36631
53015
36632
53016
53017
53018
53019
53020
53021
53022
53023
53024
53025
53026
53027
53028
53029
53030
53031
53032
53033
53034
53035
53036
53037
53038
53039
36656
53040
36657
53041
36658
53042
36659
53043
36660
53044
36661
53045
36662
53046
36663
53047
36664
53048
36665
53049
36666
53050
36667
53051
36668
53052
36669
53053
36670
53054
36671
53055
36672
53056
36673
53057
36674
53058
36675
53059
36676
53060
36677
53061
36678
53062
36679
53063
36680
53064
36681
53065
36682
53066
36683
53067
36684
53068
36685
53069
53070
53071
53072
36689
53073
36690
53074
36691
53075
36692
53076
36693
53077
36694
53078
36695
53079
36696
53080
36697
53081
36698
53082
36699
53083
36700
53084
53085
53086
36703
53087
36704
53088
36705
53089
36706
53090
53091
53092
36709
53093
36710
53094
36711
53095
36712
53096
36713
53097
36714
53098
36715
53099
36716
53100
36717
53101
36718
36719
36720
36721
36722
36723
36724
36725
36726
36727
36736
36737
36738
36739
36742
53126
36743
53127
36744
53128
36745
53129
36746
53130
36747
53131
36748
53132
36749
53133
36750
53134
53135
36752
53136
53137
36754
53138
36755
53139
36756
53140
36757
53141
36758
53142
36759
53143
36760
53144
36761
53145
36762
53146
36763
53147
36764
53148
36765
53149
36766
53150
36767
53151
36768
53152
36769
53153
36770
53154
36771
53155
36772
53156
36773
53157
36774
53158
36775
53159
36776
53160
36777
53161
36778
53162
36779
53163
36780
53164
36781
53165
36782
53166
36783
53167
36784
53168
36785
53169
36786
53170
36787
53171
36788
53172
36789
53173
36790
53174
36791
53175
36792
53176
36793
53177
36794
53178
36795
53179
36796
53180
36797
53181
36798
53182
36799
53183
36800
53184
36801
53185
36802
53186
36803
53187
36804
53188
36805
53189
36806
53190
36807
53191
36808
53192
36809
53193
36810
53194
36811
53195
36812
53196
36813
53197
36814
53198
36815
53199
36816
53200
36817
53201
36818
53202
36819
53203
36820
53204
36821
53205
36822
53206
36823
53207
36824
53208
36825
53209
36826
53210
36827
53211
36828
53212
36829
53213
36830
53214
36831
53215
36832
53216
36833
53217
36834
53218
36835
53219
36836
53220
36837
53221
36838
53222
36839
53223
36840
53224
36841
53225
36842
53226
36843
53227
36844
53228
36845
53229
36846
53230
36847
53231
36848
53232
36849
53233
36850
53234
36851
53235
36852
53236
36853
53237
36854
53238
36855
53239
36856
53240
36857
53241
36858
53242
36859
53243
36860
53244
36861
53245
36862
53246
36863
53247
36864
53248
36865
53249
36866
53250
36867
53251
36868
53252
36869
53253
36870
53254
36871
53255
36872
53256
36873
53257
36874
53258
36875
53259
36876
53260
36877
53261
36878
53262
36879
53263
36880
53264
36881
53265
36882
53266
36883
53267
36884
53268
36885
53269
36886
53270
36887
53271
36888
53272
36889
53273
36890
53274
36891
53275
36892
53276
36893
53277
36894
53278
36895
53279
36896
53280
36897
53281
36898
53282
36899
53283
36900
53284
36901
53285
36902
53286
36903
53287
36904
53288
36905
53289
36906
53290
36907
53291
36908
53292
36909
53293
36910
53294
36911
53295
36912
53296
36913
53297
36914
53298
36915
53299
36916
53300
36917
53301
36918
53302
36919
53303
36920
53304
36921
53305
36922
53306
36923
53307
36924
53308
36925
53309
36926
53310
36927
53311
36928
53312
36929
53313
36930
53314
36931
53315
36932
53316
36933
53317
36934
53318
36935
53319
36936
53320
36937
53321
36938
53322
36939
53323
36940
53324
36941
53325
36942
53326
36943
53327
36944
53328
36945
53329
36946
53330
36947
53331
36948
53332
36949
53333
36950
53334
36951
53335
53336
53337
53338
53339
53340
36957
53341
36958
53342
36959
53343
36960
53344
53345
53346
53347
36964
53348
36965
53349
36966
53350
36967
53351
53352
53353
53354
53355
36972
53356
36973
53357
36974
53358
36975
53359
53360
53361
53362
36979
53363
36980
53364
36981
53365
36982
53366
53367
36984
53368
36985
53369
36986
53370
36987
53371
36988
53372
36989
53373
36990
53374
36991
53375
36992
53376
36993
53377
36994
53378
36995
53379
36996
53380
36997
53381
36998
53382
36999
53383
37000
53384
37001
53385
37002
53386
37003
53387
37004
53388
37005
53389
37006
53390
37007
53391
37008
53392
37009
53393
37010
53394
53395
53396
53397
53398
53399
53400
53401
37018
53402
37019
53403
37020
53404
37021
53405
37022
53406
37023
53407
37024
53408
37025
53409
53410
53411
53412
37029
53413
37030
53414
37031
53415
37032
53416
37033
53417
37034
53418
37035
53419
37036
53420
37037
53421
37038
53422
37039
53423
37040
53424
37041
53425
37042
53426
37043
53427
37044
53428
37045
53429
37046
53430
37047
53431
37048
53432
37049
53433
37050
53434
37051
53435
37052
53436
37053
53437
53438
53439
37056
53440
37057
53441
37058
53442
37059
53443
53444
53445
53446
37063
53447
37064
53448
37065
53449
37066
53450
37067
53451
37068
53452
37069
53453
37070
53454
53455
53456
53457
37074
53458
37075
53459
37076
53460
37077
53461
37078
53462
37079
53463
37080
53464
37081
53465
37082
53466
37083
53467
37084
53468
37085
53469
37086
53470
37087
53471
37088
53472
37089
53473
37090
53474
37091
53475
37092
53476
37093
53477
37094
53478
37095
53479
37096
53480
37097
53481
37098
53482
37099
53483
37100
53484
37101
53485
37102
53486
37103
53487
37104
53488
37105
53489
37106
53490
37107
53491
37108
53492
37109
53493
37110
53494
37111
53495
37112
53496
37113
53497
37114
53498
37115
53499
37116
53500
37117
53501
37118
53502
37119
53503
37120
53504
37121
53505
37122
53506
37123
53507
37124
53508
37125
53509
37126
53510
37127
53511
37128
53512
37129
53513
37130
53514
37131
53515
37132
53516
37133
53517
37134
53518
37135
53519
37136
53520
37137
53521
37138
53522
37139
53523
37140
53524
37141
53525
37142
53526
37143
53527
37144
53528
37145
53529
37146
53530
37147
53531
37148
53532
37149
53533
37150
53534
37151
53535
37152
53536
37153
53537
37154
53538
37155
53539
37156
53540
37157
53541
37158
53542
37159
53543
37160
53544
37161
53545
37162
53546
37163
53547
37164
53548
37165
53549
37166
53550
37167
53551
37168
53552
37169
53553
37170
53554
37171
53555
37172
53556
37173
53557
37174
53558
37175
53559
37176
53560
37177
53561
37178
53562
37179
53563
37180
53564
37181
53565
37182
53566
37183
53567
37184
53568
37185
53569
37186
53570
37187
53571
37188
53572
37189
53573
37190
53574
37191
53575
37192
53576
37193
53577
37194
53578
37195
53579
37196
53580
37197
53581
37198
53582
37199
53583
37200
53584
37201
53585
37202
53586
37203
53587
37204
53588
37205
53589
37206
53590
37207
53591
37208
53592
37209
53593
37210
53594
37211
53595
37212
53596
37213
53597
37214
53598
37215
53599
37216
53600
37217
53601
37218
53602
37219
53603
37220
53604
37221
53605
37222
53606
37223
53607
37224
37225
37226
37227
37228
37229
37230
37231
37233
37234
37235
37238
37239
37240
37241
37244
37245
37246
37247
37249
37250
37251
37252
37253
37254
37255
37256
37257
37258
37259
37260
37261
37262
37263
37264
37265
37266
37267
37268
37269
53653
37270
53654
37271
53655
37272
53656
37273
53657
37274
53658
37275
53659
37276
53660
37277
53661
37278
53662
37279
53663
37280
53664
37281
53665
37282
53666
37283
53667
37284
53668
37285
53669
37286
53670
37287
53671
37288
53672
37289
53673
37290
53674
37291
53675
37292
53676
37293
53677
37294
53678
37295
53679
37296
53680
37297
53681
37298
53682
37299
53683
37300
53684
37301
53685
37302
53686
37303
53687
37304
53688
37305
53689
37306
53690
53691
37308
53692
37309
53693
37310
53694
37311
53695
53696
53697
53698
37315
53699
37316
53700
37317
53701
37318
53702
53703
53704
37321
53705
37322
53706
37323
53707
37324
53708
37325
53709
37326
53710
37327
53711
53712
53713
53716
53717
53718
53719
53720
37338
53722
37339
53723
37340
37341
53725
37342
53726
37343
37344
53728
37345
53729
37346
37347
53731
37348
53732
37349
53733
37350
53734
37351
53735
37352
53736
37353
53737
37354
53738
37355
53739
37356
53740
37357
53741
37358
53742
37359
53743
37360
53744
37361
53745
37362
53746
37363
53747
37364
53748
37365
53749
37366
53750
37367
53751
37368
53752
37369
53753
37370
53754
37371
37372
37373
53757
37374
53758
37375
53759
37376
53760
37377
53761
37378
53762
37379
53763
37380
53764
37381
53765
37382
53766
37383
53767
37384
37385
37386
53770
37387
53771
37388
53772
37389
53773
37390
53774
37391
53775
53776
37394
37395
53779
37396
53780
53781
53782
37399
53783
37400
53784
37401
53785
37402
53786
53787
53788
53789
37406
53790
37407
53791
37408
53792
37409
53793
53794
53795
53796
53797
53798
53799
37416
53800
53801
53802
53803
37420
53804
37421
53805
37422
53806
37423
53807
53808
53809
37426
53810
37427
53811
37428
53812
53813
37430
53814
37431
53815
37432
53816
37433
53817
53818
53819
53820
53821
53822
53823
37440
53824
53825
53826
37443
53827
37444
53828
37445
53829
37446
53830
37447
53831
37448
53832
37449
53833
37450
53834
37451
53835
37452
53836
37453
53837
37454
53838
37455
53839
37456
53840
37457
53841
37458
53842
37459
53843
37460
53844
37461
53845
37462
53846
37463
53847
37464
37465
37466
37467
37468
53852
37469
53853
37470
37471
37472
53856
37473
53857
37474
53858
37475
53859
37476
53860
37477
53861
37478
53862
37479
37480
37481
53865
37482
53866
37483
53867
37484
53868
37485
53869
37486
53870
37487
53871
37488
37489
37490
53874
37491
53875
37492
37493
37494
37495
37496
53880
37497
53881
37498
53882
37499
53883
37500
53884
37501
53885
37502
53886
37503
53887
37504
53888
37505
53889
37506
53890
37507
37508
37509
53893
37510
53894
37511
37512
37513
53897
37514
53898
37515
53899
37516
53900
37517
53901
37518
53902
37519
53903
37520
53904
37521
53905
37522
53906
37523
53907
37524
53908
37525
53909
37526
53910
37527
53911
37528
53912
37529
53913
37530
53914
37531
53915
37532
53916
37533
53917
37534
53918
37535
53919
37536
53920
37537
53921
37538
53922
37539
53923
37540
37541
37542
37543
53927
37544
53928
37545
37546
53930
37547
53931
37548
53932
37549
53933
37550
53934
37551
53935
37552
53936
37553
53937
37554
53938
37555
53939
37556
53940
37557
53941
37558
53942
37559
53943
37560
53944
37561
53945
37562
53946
37563
53947
37564
53948
37565
53949
37566
53950
37567
53951
37568
53952
37569
53953
37570
53954
37571
53955
37572
53956
37573
53957
37574
53958
37575
53959
37576
53960
37577
53961
37578
53962
37579
53963
53964
53965
53966
37583
53967
37584
53968
37585
53969
37586
53970
37587
53971
37588
53972
37589
53973
37590
53974
37591
53975
37592
53976
37593
53977
37594
53978
37595
53979
37596
53980
37597
53981
37598
53982
37599
53983
37600
53984
37601
53985
37602
53986
37603
53987
37604
53988
53989
53990
53991
37608
53992
37609
53993
37610
53994
37611
53995
37612
53996
37613
53997
37614
53998
37615
53999
37616
54000
37617
54001
37618
54002
37619
54003
37620
54004
37621
54005
37622
54006
37623
54007
37624
54008
37625
54009
37626
54010
54011
54012
54013
54014
37631
54015
37632
54016
37633
54017
37634
54018
54019
54020
54021
54022
37639
54023
37640
54024
37641
54025
37642
54026
54027
54028
54029
54030
54031
54032
37649
54033
37650
54034
37651
54035
37652
54036
37653
54037
37654
54038
37655
54039
37656
54040
37657
54041
37658
54042
37659
54043
54044
37661
54045
37662
54046
37663
54047
37664
54048
54049
54050
37667
54051
37668
54052
37669
54053
37670
54054
37671
54055
37672
54056
37673
54057
37674
54058
37675
54059
37676
54060
37677
54061
37678
54062
37679
54063
37680
54064
37681
54065
37682
54066
37683
54067
37684
54068
37685
54069
37686
54070
37687
54071
37688
54072
37689
54073
37690
54074
37691
54075
37692
54076
37693
54077
54078
54079
37696
37697
37698
37699
37700
37701
37702
37703
37704
37705
37706
37707
37708
37709
37710
37711
37712
37713
37714
37715
37716
37717
37718
37719
37720
37721
37722
37723
37724
37725
37726
37727
37728
37729
37730
37731
54115
37732
54116
37733
54117
37734
37735
37736
37737
37738
37739
54123
37740
54124
37741
37742
37743
37744
37745
37746
54130
37747
54131
37748
54132
37749
37750
37751
37752
37753
37754
37755
37756
54140
37757
54141
37758
37759
37760
37761
54145
37762
54146
37763
37764
37765
37766
37767
37768
37769
37770
37771
37772
37773
37774
37775
37776
37777
54161
37778
54162
37779
37780
37781
37782
37783
37784
37785
37786
37787
37788
37789
37790
37791
37792
37793
37794
37795
37796
37797
37798
37799
37800
37801
37802
37803
37804
37805
37806
54190
37807
54191
37808
37809
37810
37811
37812
37813
37814
37815
37816
37817
37818
37819
37820
37821
37822
37823
37824
37825
37826
37827
37828
37829
37830
37831
37832
37833
37834
37835
37836
37837
54221
37838
54222
37839
54223
37840
54224
37841
54225
37842
54226
37843
37844
54228
37845
54229
37846
54230
37847
54231
37848
54232
37849
54233
37850
37851
37852
37853
37854
37855
54239
37856
54240
37857
37858
54242
37859
54243
37860
37861
54245
37862
54246
37863
54247
37864
54248
37865
37866
37867
37868
37869
37870
37871
37872
37873
37874
54258
37875
54259
37876
37877
37878
37879
37880
37881
37882
37883
37884
37885
37886
37887
37888
54272
37889
54273
37890
54274
37891
37892
37893
37894
37895
37896
54280
37897
54281
37898
54282
37899
37900
37901
37902
54286
37903
54287
37904
37905
37906
37907
37908
37909
37910
37911
54295
37912
54296
37913
37914
54298
37915
54299
37916
37917
37918
37919
37920
37921
37922
37923
37924
37925
37926
37927
37928
37929
37930
37931
37932
37933
37934
37935
37936
54320
37937
54321
37938
37939
37940
37941
54325
37942
54326
37943
54327
37944
54328
37945
54329
37946
54330
37947
54331
37948
54332
37949
54333
37950
54334
37951
54335
37952
54336
37953
54337
37954
54338
37955
54339
37956
54340
37957
54341
37958
54342
37959
54343
37960
54344
37961
54345
37962
54346
37963
54347
37964
54348
37965
54349
37966
54350
37967
54351
37968
54352
37969
54353
37970
54354
37971
54355
37972
54356
37973
54357
37974
54358
37975
54359
37976
54360
37977
54361
37978
54362
37979
54363
37980
54364
37981
54365
37982
54366
37983
54367
37984
54368
37985
54369
37986
54370
37987
54371
37988
54372
37989
54373
37990
54374
37991
54375
37992
54376
37993
54377
37994
54378
37995
54379
37996
54380
37997
54381
37998
54382
37999
54383
38000
54384
38001
54385
38002
54386
38003
54387
38004
54388
38005
54389
38006
54390
38007
54391
38008
54392
38009
54393
38010
54394
38011
54395
38012
54396
38013
54397
38014
54398
38015
54399
38016
54400
38017
54401
38018
54402
38019
54403
38020
54404
38021
54405
38022
54406
38023
54407
38024
54408
38025
54409
38026
54410
38027
54411
38028
54412
38029
54413
38030
54414
38031
54415
38032
54416
38033
54417
38034
54418
38035
54419
38036
54420
38037
54421
38038
54422
38039
54423
38040
54424
38041
54425
38042
54426
38043
54427
38044
54428
38045
54429
38046
54430
38047
54431
38048
54432
38049
54433
38050
54434
38051
54435
38052
54436
38053
54437
38054
54438
38055
54439
38056
54440
38057
54441
38058
54442
38059
54443
38060
54444
38061
54445
38062
54446
38063
54447
38064
54448
38065
54449
38066
54450
38067
54451
38068
54452
38069
54453
38070
54454
38071
54455
38072
54456
38073
54457
38074
54458
38075
54459
38076
54460
38077
54461
38078
54462
38079
54463
38080
54464
38081
54465
38082
54466
38083
54467
38084
54468
38085
54469
38086
54470
38087
54471
38088
54472
38089
54473
38090
54474
38091
54475
38092
54476
38093
54477
38094
54478
38095
54479
38096
54480
38097
54481
38098
54482
38099
54483
38100
54484
38101
54485
38102
54486
38103
54487
38104
54488
38105
54489
38106
54490
38107
54491
38108
54492
38109
54493
38110
54494
38111
54495
38112
54496
38113
54497
38114
54498
38115
54499
38116
54500
38117
54501
38118
54502
38119
54503
38120
54504
38121
54505
38122
54506
38123
54507
38124
54508
38125
54509
38126
54510
38127
54511
38128
54512
38129
54513
38130
54514
38131
54515
38132
54516
38133
54517
38134
54518
38135
54519
38136
54520
38137
54521
38138
54522
38139
54523
38140
54524
38141
54525
38142
54526
38143
54527
38144
54528
38145
54529
38146
54530
38147
54531
38148
54532
38149
54533
38150
54534
38151
54535
38152
54536
38153
54537
38154
54538
38155
54539
38156
54540
38157
54541
38158
54542
38159
54543
38160
54544
38161
54545
38162
54546
38163
54547
38164
54548
38165
54549
38166
54550
38167
54551
38168
54552
38169
54553
38170
54554
38171
54555
38172
54556
38173
54557
38174
54558
38175
54559
38176
54560
38177
54561
38178
54562
38179
54563
38180
54564
38181
54565
38182
54566
38183
54567
38184
54568
38185
54569
38186
54570
38187
54571
38188
54572
38189
54573
38190
54574
38191
54575
38192
54576
38193
54577
38194
54578
38195
54579
38196
54580
38197
54581
38198
54582
38199
54583
38200
54584
38201
54585
38202
54586
38203
54587
38204
54588
38205
54589
38206
54590
38207
54591
38208
54592
38209
54593
38210
54594
38211
54595
38212
54596
38213
54597
38214
54598
38215
54599
38216
54600
38217
54601
38218
54602
38219
54603
38220
54604
38221
54605
38222
54606
38223
54607
38224
54608
38225
54609
38226
54610
38227
54611
38228
54612
38229
54613
38230
54614
38231
54615
38232
54616
38233
54617
38234
54618
38235
54619
38236
54620
38237
54621
38238
54622
38239
54623
38240
54624
38241
54625
38242
54626
38243
54627
38244
54628
38245
54629
38246
54630
38247
54631
38248
54632
38249
54633
38250
54634
38251
54635
38252
54636
38253
54637
38254
54638
38255
54639
38256
54640
38257
54641
38258
54642
38259
54643
38260
54644
38261
54645
38262
54646
38263
54647
38264
54648
38265
54649
38266
54650
38267
54651
38268
54652
38269
54653
38270
54654
38271
54655
38272
54656
38273
54657
38274
54658
38275
54659
38276
54660
38277
54661
38278
54662
38279
54663
38280
54664
38281
54665
38282
54666
38283
54667
38284
54668
38285
54669
38286
54670
38287
54671
38288
54672
38289
54673
38290
54674
38291
54675
38292
54676
38293
54677
38294
54678
38295
54679
38296
54680
38297
54681
38298
54682
38299
54683
38300
54684
38301
54685
38302
54686
38303
54687
38304
54688
38305
54689
38306
54690
38307
54691
38308
54692
38309
54693
38310
54694
38311
54695
38312
54696
38313
54697
38314
54698
38315
54699
38316
54700
38317
54701
38318
54702
38319
54703
38320
54704
38321
54705
38322
54706
38323
54707
38324
54708
38325
54709
38326
54710
38327
54711
38328
54712
38329
54713
38330
54714
38331
54715
38332
54716
38333
54717
38334
54718
38335
54719
38336
54720
38337
54721
38338
54722
38339
54723
38340
54724
38341
54725
38342
54726
38343
54727
38344
54728
38345
54729
38346
54730
38347
54731
38348
54732
38349
54733
38350
54734
38351
54735
38352
54736
38353
54737
38354
54738
38355
54739
38356
54740
38357
54741
38358
54742
38359
54743
38360
54744
38361
54745
38362
54746
38363
54747
38364
54748
38365
54749
38366
54750
38367
54751
38368
54752
38369
54753
38370
54754
38371
54755
38372
54756
38373
54757
38374
54758
38375
54759
38376
54760
38377
54761
38378
54762
38379
54763
38380
54764
38381
54765
38382
54766
38383
54767
38384
54768
38385
54769
38386
54770
38387
54771
38388
54772
38389
54773
38390
54774
38391
54775
38392
54776
38393
54777
38394
54778
38395
54779
38396
54780
38397
54781
38398
54782
38399
54783
38400
54784
38401
54785
38402
54786
38403
54787
38404
54788
38405
54789
38406
54790
38407
54791
38408
54792
38409
54793
38410
54794
38411
54795
38412
54796
38413
54797
38414
54798
38415
54799
38416
54800
38417
54801
38418
54802
38419
54803
38420
54804
38421
54805
38422
54806
38423
54807
38424
54808
38425
54809
38426
54810
38427
54811
38428
54812
38429
54813
38430
54814
38431
54815
38432
54816
38433
54817
54818
54819
54820
54821
54822
54823
54824
54825
54826
54827
54828
54829
54830
54831
54832
54833
54834
54835
54836
54837
54838
54839
54840
54841
54842
54843
54844
54845
54846
54847
54848
54929
54930
54931
54932
54933
54934
54935
54936
54937
54938
54939
54940
54941
54942
54943
54944
54945
54946
54947
54948
54949
54950
54951
54952
54953
54954
54955
54956
54957
54958
54959
54960
54961
54962
54963
54964
54965
54966
54967
54968
54969
54970
54971
54972
54973
54974
54975
54976
54977
54978
54979
54980
54981
54982
54983
54984
54985
54986
54987
54988
54989
54990
54991
54992
54993
54994
54995
54996
54997
54998
54999
55000
55001
55002
55003
55004
55005
55006
55007
55008
55009
55010
55011
55012
55013
55014
55015
55016
55017
55018
55019
55020
55021
55022
55023
55024
55025
55026
55027
55028
55029
55030
55031
55032
55033
55034
55035
55036
55037
55038
55039
55040
55041
55042
55043
55044
55045
55046
55047
55048
55049
55050
55051
55052
55053
55054
55055
55056
55057
55058
55059
55060
55061
55062
55063
55064
55065
55066
55067
55068
55069
55070
55071
55072
55073
55074
55075
55076
55077
55078
55079
55080
55081
55082
55083
55084
55085
55086
55087
55088
55089
55090
55091
55092
55093
55094
55095
55096
55097
55098
55099
55100
55101
55102
55103
55104
55105
55106
55107
55108
55109
55110
55111
55112
55113
55114
55115
55116
55117
55118
55119
55120
55121
55122
55123
55124
55125
55126
55127
55128
55129
55130
55131
55132
55133
55134
55135
55136
55137
55138
55139
55140
55141
55142
55143
55144
55145
55146
55147
55148
55149
55150
55151
55152
55153
55154
55155
55156
55157
55158
55159
55160
55161
55162
55163
55164
55165
55166
55167
55168
55169
55170
55171
55172
55173
55174
55175
55176
55177
55178
55179
55180
55181
55182
55183
55184
55185
55186
55187
55188
55189
55190
55191
55192
55193
55194
55195
55196
55197
55198
55199
55200
55201
55202
55203
55204
55205
55206
55207
55208
55209
55210
55211
55212
55213
55214
55215
55216
55217
55218
55219
55220
55221
55222
55223
55224
55225
55226
55227
55228
55229
55230
55231
55232
55233
55234
55235
55236
55237
55238
55239
55240
55241
55242
55243
55244
55245
55246
55247
55248
55249
55250
55251
55252
55253
55254
55255
55256
55257
55258
55259
55260
55261
55262
55263
55264
55265
55266
55267
55268
55269
55270
55271
55272
55273
55274
55275
55276
55277
55278
55279
55280
55281
55282
55283
55284
55285
55286
55287
55288
55289
55290
55291
55292
55293
55294
55295
55296
55297
55298
55299
55300
55301
55302
55303
55304
55305
55306
55307
55308
55309
55310
55311
55312
55313
55314
55315
55316
55317
55318
55319
55320
55321
55322
55323
55324
55325
55326
55327
55328
55329
55330
55331
55332
55333
55334
55335
55336
55337
55338
55339
55340
55341
55342
55343
55344
55345
55346
55347
55348
55349
55350
55351
55352
55353
55354
55355
55764
55765
55766
55767
55768
55769
55770
55771
55772
55773
55774
55775
55826
55827
55828
55829
55830
55831
55832
55833
55834
55841
55842
55843
55844
55845
55846
55847
55848
55849
55850
55851
55852
55861
55862
55863
55864
55865
55866
55867
55868
55869
55870
55871
55872
55873
55874
55875
55876
55877
55915
55916
55917
55918
55919
55920
55921
55922
55923
55924
55925
55926
55927
55928
55929
55930
55931
55932
55933
55986
55987
55988
55989
55990
55991
55992
55993
55994
56041
56042
56043
56044
56045
56046
56047
56048
56049
56050
56051
56052
56101
56102
56103
56104
56105
56106
56107
56108
56109
56110
56111
56112
56113
56114
56115
56116
56142
56143
56144
56145
56146
56147
56148
56149
56150
56151
56152
56153
56154
56168
56169
56170
56171
56172
56173
56174
56175
56176
56177
56178
56179
56180
56181
56182
56183
56184
56185
56186
56187
56188
56189
56190
56191
56192
56193
56194
56195
56196
56197
56198
56199
56200
56201
56202
56203
56204
56205
56206
56207
56208
56209
56210
56211
56212
56213
56214
56215
56216
56217
56218
56219
56220
56221
56222
56223
56224
56225
56226
56227
56228
56229
56230
56231
56232
56233
56234
56235
56236
56237
56238
56239
56240
56241
56242
56243
56244
56245
56246
56247
56248
56249
56250
56251
56252
56253
56254
56255
56256
56257
56258
56259
56260
56261
56262
56263
56264
56265
56266
56267
56268
56269
56270
56271
56272
56273
56274
56275
56276
56277
56278
56279
56280
56281
56282
56283
56284
56285
56286
56287
56288
56289
56290
56291
56292
56293
56294
56295
56296
56297
56298
56299
56300
56301
56302
56303
56304
56305
56306
56307
56308
56309
56310
56311
56312
56313
56314
56315
56316
56317
56318
56319
56320
56321
56322
56323
56324
56325
56326
56327
56328
56329
56330
56331
56332
56333
56334
56335
56336
56337
56338
56339
56340
56341
56342
56343
56344
56345
56346
56347
56348
56349
56350
56351
56352
56353
56354
56355
56356
56357
56358
56359
56360
56361
56362
56363
56364
56365
56366
56367
56368
56369
56370
56371
56372
56373
56374
56375
56376
56377
56378
56379
56380
56381
56382
56383
56384
56385
56386
56387
56388
56389
56390
56391
56392
56393
56394
56395
56396
56397
56398
56399
56400
56401
56402
56403
56404
56405
56406
56407
56408
56409
56410
56411
56412
56413
56414
56415
56416
56417
56418
56419
56420
56421
56422
56423
56424
56425
56426
56427
56428
56429
56430
56431
56432
56433
56434
56435
56436
56437
56438
56439
56440
56441
56442
56443
56444
56445
56446
56447
56448
56449
56450
56451
56452
56453
56454
56455
56456
56457
56458
56459
56460
56461
56462
56463
56464
56465
56466
56467
56468
56469
56470
56471
56472
56473
56474
56475
56476
56477
56478
56479
56480
56481
56482
56483
56484
56485
56486
56487
56488
56489
56490
56491
56492
56493
56494
56495
56496
56497
56498
56499
56500
56501
56502
56503
56504
56505
56506
56507
56508
56509
56510
56511
56512
56513
56514
56515
56516
56517
56518
56519
56520
56521
56522
56523
56524
56525
56526
56527
56528
56529
56530
56531
56532
56533
56534
56535
56536
56537
56538
56539
56540
56541
56542
56543
56544
56545
56546
56547
56548
56549
56550
56551
56552
56553
56554
56555
56556
56624
56625
56626
56627
56628
56629
56630
56631
56632
56633
56634
56635
56636
56637
56638
56639
56640
56641
56642
56643
56644
56645
56646
56647
56648
56649
56650
56651
56652
56653
56654
56655
56656
56657
56658
56659
56660
56661
56662
56663
56664
56665
56666
56667
56668
56669
56670
56671
56672
56673
56674
56675
56676
56677
56678
56679
56680
56681
56682
56683
56684
56685
56686
56687
56688
56689
56690
56691
56692
56693
56694
56695
56696
56697
56698
56699
56700
56701
56702
56703
56704
56705
56706
56707
56708
56709
56710
56711
56712
56713
56714
56715
56716
56717
56718
56719
56720
56721
56722
56723
56724
56725
56726
56772
56773
56774
56775
56776
56777
56814
56815
56816
56817
56818
56819
56820
56821
56822
56823
56824
56825
56826
56827
56828
56829
56830
56831
56832
56833
56834
56835
56836
56837
56838
56839
56840
56841
56842
56843
56844
56845
56846
56847
56848
56849
56850
56851
56852
56853
56854
56855
56856
56857
56858
56859
56860
56861
56862
56863
56864
56865
56866
56867
56868
56869
56870
56871
56872
56873
56874
56875
56876
56877
56878
56879
56880
56881
56882
56883
56884
56885
56886
56887
56888
56889
56890
56891
56892
56893
56894
56895
56896
56897
56898
56899
56900
56901
56902
56903
56904
56905
56906
56907
56908
56909
56910
56911
56912
56913
56914
56915
56916
56917
56918
56919
56920
56921
56922
56923
56924
56925
56926
56927
56928
56929
56930
56931
56932
56933
56934
56935
56936
56937
56938
56939
56940
56941
56942
56943
56944
56945
56946
56947
56948
56949
56950
56951
56952
56953
56954
56955
56956
56957
56958
56959
56960
56961
56962
56963
56964
56965
56966
56967
56968
56969
56970
56971
56972
56973
56974
56975
56976
56977
56978
56979
56980
56981
56982
56983
56984
56985
56986
56987
56988
56989
56990
56991
56992
56993
56994
56995
56996
56997
56998
56999
57000
57001
57002
57003
57004
57005
57006
57007
57008
57009
57010
57011
57012
57013
57014
57015
57016
57017
57018
57019
57020
57021
57022
57023
57024
57025
57026
57027
57028
57029
57030
57031
57032
57033
57034
57035
57036
57037
57038
57039
57040
57041
57042
57043
57044
57045
57046
57047
57048
57049
57050
57051
57354
57355
57356
57357
57358
57359
57360
57361
57362
57363
57364
57365
57387
57388
57389
57390
57391
57392
57393
57394
57395
57396
57397
57398
57408
57409
57410
57411
57412
57413
57414
57415
57416
57417
57418
57419
57438
57439
57440
57441
57442
57443
57444
57445
57446
57459
57460
57461
57462
57463
57464
57465
57466
57467
57468
57469
57470
57471
57472
57473
57474
57475
57476
57477
57478
57479
57480
57481
57482
57483
57484
57485
57486
57487
57488
57528
57529
57530
57531
57532
57533
57534
57535
57536
57556
57557
57558
57559
57560
57561
57562
57563
57564
57565
57566
57567
57568
57569
57570
57571
57572
57573
57574
57575
57576
57577
57802
57803
57804
57805
57806
57807
57808
59681
59682
59683
59684
59685
59686
59687
59688
59689
59690
59691
59692
59693
59694
59695
59696
59697
59698
59699
59700
59701
59702
59703
59704
59705
59706
59707
59708
59709
59710
59711
59712
59713
59714
59715
59716
59717
59718
59719
59720
59721
59722
59723
59724
59725
59726
59727
59728
59729
59730
59731
59732
59733
59734
59735
59736
59737
59738
59739
59740
59741
59742
59743
59744
59745
59746
59747
59748
59749
59750
59751
59752
59753
59754
59755
59756
59757
59758
59759
59764
59767
59768
59769
59770
59771
59772
59773
59774
59775
59776
59777
59778
59779
59780
59781
59782
59783
59784
59785
59786
59787
59788
59789
59790
59791
59792
59793
59794
59795
59796
59797
59798
59799
59800
59801
59802
59803
59804
59805
59806
59807
59808
59809
59810
59811
59812
59813
59814
59815
59816
59817
59818
59819
59820
59821
59822
59823
59824
59825
59826
59827
59828
59829
59830
59831
59832
59833
59834
59835
59836
59837
59838
59839
59840
59841
59842
59843
59844
59845
59846
59847
59848
59849
59850
59851
59852
59853
59854
59855
59856
59857
59858
59859
59860
59861
59862
59863
59864
59865
59866
59867
59868
59869
59870
59871
59872
59873
59874
59875
59876
59877
59878
59879
59880
59885
59886
59887
59888
59889
59890
59891
59892
59893
59894
59895
59896
59897
59898
59899
59900
59901
59902
59903
59904
59905
59906
59907
59908
59909
59910
59911
59912
59913
59914
59915
59916
59917
59918
59919
59920
59921
59922
59923
59924
59925
59926
59927
59928
59929
59930
59931
59932
59933
59934
59935
59936
59937
59938
59939
59940
59941
59942
59943
59944
59945
59946
59947
59948
59949
59950
59951
59952
59953
59954
59955
59956
59957
59958
59959
59960
59961
59962
59963
59964
59965
59966
59967
59968
59969
59970
59971
59972
59973
59974
59975
59976
59977
59978
59979
59980
59981
59982
59983
59984
59985
59986
59987
59988
59989
59990
59991
59992
59993
59994
59995
59996
59997
59998
60000
60001
60002
60003
60004
60005
60006
60007
60008
60009
60010
60011
60012
60013
60014
60015
60016
60020
60021
60022
60023
60024
60025
60026
60027
60028
60029
60030
60031
60032
60033
60034
60035
60036
60037
60038
60039
60040
60041
60042
60043
60044
60045
60046
60047
60048
60049
60050
60051
60052
60053
60054
60055
60056
60057
60058
60059
60060
60061
60062
60063
60064
60065
60066
60067
60068
60069
60070
60071
60072
60073
60074
60075
60076
60077
60078
60079
60080
60081
60082
60083
60084
60085
60086
60087
60088
60089
60090
60091
60092
60093
60094
60095
60096
60097
60098
60099
60100
60101
60102
60103
60104
60105
60106
60107
60108
60109
60110
60111
60112
60113
60114
60115
60116
60117
60118
60119
60120
60121
60122
60123
60124
60125
60128
60129
60130
60131
60132
60133
60134
60135
60136
60137
60138
60139
60140
60141
60142
60143
60144
60145
60146
60147
60148
60149
60150
60151
60152
60153
60154
60155
60156
60157
60158
60159
60160
60161
60162
60163
60164
60165
60166
60167
60168
60169
60170
60171
60172
60173
60174
60175
60176
60177
60178
60179
60180
60181
60182
60183
60184
60185
60186
60187
60188
60189
60190
60191
60192
60193
60194
60195
60196
60197
60198
60199
60200
60201
60202
60203
60204
60205
60206
60207
60208
60209
60210
60211
60212
60213
60214
60215
60216
60217
60218
60219
60220
60221
60222
60223
60224
60225
60227
60229
60230
60231
60232
60233
60234
60235
60236
60237
60238
60239
60240
60241
60242
60243
60244
60245
60246
60247
60248
60249
60250
60251
60252
60253
60254
60255
60256
60257
60258
60259
60260
60261
60262
60267
60268
60269
60270
60271
60272
60273
60274
60275
60276
60277
60278
60279
60280
60281
60282
60283
60284
60285
60286
60287
60288
60289
60290
60291
60292
60293
60294
60295
60296
60297
60298
60299
60300
60301
60302
60303
60304
60305
60306
60307
60308
60309
60310
60311
60312
60313
60314
60315
60316
60317
60318
60319
60320
60321
60322
60323
60324
60325
60326
60327
60328
60329
60330
60331
60332
60333
60334
60335
60336
60337
60338
60339
60340
60341
60342
60343
60344
60345
60346
60347
60348
60349
60350
60351
60352
60353
60354
60355
60356
60357
60358
60359
60360
60361
60362
60363
60364
60365
60366
60367
60368
60369
60370
60371
60372
60373
60374
60375
60376
60377
60378
60380
60381
60382
60383
60384
60385
60386
60387
60388
60389
60390
60391
60392
60393
60394
60395
60396
60397
60398
60399
60400
60401
60402
60403
60404
60405
60406
60407
60408
60409
60410
60411
60412
60413
60415
60417
60419
60420
60421
60422
60423
60424
60425
60426
60427
60428
60429
60430
60431
60432
60433
60434
60435
60436
60437
60438
60439
60440
60441
60442
60443
60444
60445
60446
60447
60448
60449
60450
60451
60452
60453
60454
60455
60456
60457
60458
60459
60460
60461
60462
60463
60464
60465
60466
60467
60468
60469
60471
60472
60473
60474
60475
60476
60477
60478
60479
60480
60481
60482
60483
60484
60485
60486
60487
60488
60489
60490
60491
60492
60493
60494
60495
60496
60497
60498
60499
60500
60501
60502
62117
62118
62119
62120
62126
62127
62128
62129
62130
62131
62132
62133
62141
62142
62143
62144
62165
62166
62167
62168
62171
62172
62173
62174
62175
62176
62177
62178
62235
62236
62237
62250
62251
62252
62253
62260
62261
62262
62263
62264
62265
62266
62267
62268
62269
62270
62271
62272
62273
62274
62275
62276
62300
62325
62326
62327
62328
62329
62330
62331
62333
62334
62335
62336
62337
62338
62339
62340
62341
62342
62343
62344
62345
62346
62348
62349
62350
62352
62353
62354
62358
62360
62361
62362
62363
62364
62365
62366
62367
62368
62369
62370
62371
62372
62373
62374
62375
62376
62383
62384
62386
62387
62389
62390
62392
62393
62395
62396
62397
62398
62399
62400
62401
62402
62403
62404
62405
62406
62407
62408
62409
62410
62411
62412
62413
62414
62415
62416
62417
62418
62419
62424
62425
62426
62427
62428
62429
62430
62431
62432
62433
62434
62435
62436
62442
62445
62446
62447
62448
62449
62450
62455
62456
62457
62458
62459
62460
62461
62462
62463
62464
62465
62466
62467
62469
62476
62477
62487
62488
62489
62490
62491
62492
62493
62494
62495
62496
62497
62498
62499
62500
62501
62502
62503
62504
62505
62506
62507
62508
62509
62510
62511
62512
62513
62514
62515
62516
62517
62518
62519
62520
62521
62522
62523
62524
62525
62526
62527
62528
62529
62530
62531
62532
62533
62534
62535
62536
62537
62538
62539
62540
62541
62542
62543
62544
62545
62546
62547
62548
62549
62550
62551
62552
62553
62554
62555
62556
62557
62558
62559
62560
62561
62562
62563
62564
62565
62566
62567
62568
62569
62570
62571
62572
62573
62574
62575
62576
62577
62578
62579
62580
62581
62582
62583
62584
62585
62586
62587
62588
62589
62590
62591
62592
62593
62594
62595
62596
62597
62598
62599
62600
62601
62602
62603
62604
62605
62606
62607
62608
62609
62610
62611
62612
62613
62614
62615
62616
62617
62618
62619
62620
62621
62622
62623
62624
62625
62626
62627
62628
62629
62630
62631
62632
62633
62634
62635
62636
62637
62638
62639
62640
62641
62642
62643
62644
62645
62646
62647
62648
62649
62650
62651
62652
62653
62654
62655
62656
62657
62658
62659
62660
62661
62662
62663
62664
62665
62666
62667
62668
62669
62670
62671
62672
62673
62674
62675
62676
62677
62678
62679
62680
62681
62682
62683
62684
62685
62686
62687
62688
62689
62690
62691
62692
62693
62694
62695
62696
62697
62698
62699
62700
62701
62702
62703
62704
62705
62706
62707
62708
62709
62710
62711
62712
62713
62714
62715
62716
62717
62718
62719
62720
62721
62722
62723
62724
62725
62726
62727
62728
62729
62730
62731
62732
62733
62734
62735
62736
62737
62738
62739
62740
62741
62742
62743
62744
62745
62746
62747
62748
62749
62750
62751
62752
62753
62754
62755
62756
62757
62758
62759
62760
62761
62762
62763
62764
62765
62766
62767
62768
62769
62770
62771
62772
62773
62774
62775
62776
62777
62778
62779
62780
62781
62782
62783
62784
62785
62786
62787
62788
62789
62790
62791
62792
62793
62794
62795
62796
62797
62798
62799
62800
62801
62802
62803
62804
62805
62806
62807
62808
62809
62810
62811
62812
62813
62814
62815
62816
62817
62818
62819
62820
62821
62822
62823
62824
62825
62826
62827
62828
62829
62830
62831
62832
62833
62834
62835
62836
62837
62838
62839
62840
62841
62842
62843
62844
62845
62846
62847
62848
62849
62850
62851
62852
62853
62854
62855
62856
62857
62858
62859
62860
62861
62862
62863
62864
62865
62866
62867
62868
62869
62870
62871
62872
62873
62874
62875
62876
62877
62878
62879
62880
62881
62882
62883
62884
62885
62886
62887
62888
62889
62890
62891
62892
62893
62894
62895
62896
62897
62898
62899
62900
62901
62902
62903
62904
62905
62906
62907
62908
62909
62910
62911
62912
62913
62914
62915
62916
62917
62918
62919
62920
62921
62922
62923
62924
62925
62926
62927
62928
62929
62930
62931
62932
62933
62934
62935
62936
62937
62938
62939
62940
62941
62942
62943
62944
62945
62946
62947
62948
62949
62950
62951
62952
62953
62954
62955
62956
62957
62958
62959
62960
62961
62962
62963
62964
62965
62966
62967
62968
62969
62970
62971
62972
62973
62974
62975
62976
62977
62978
62979
62980
62981
62982
62983
62984
62985
62986
62987
62988
62989
62990
62991
62992
62993
62994
62995
62996
62997
62998
62999
63000
63001
63002
63003
63004
63005
63006
63007
63008
63009
63010
63011
63012
63013
63014
63015
63016
63017
63018
63019
63020
63021
63022
63023
63024
63025
63026
63027
63028
63029
63030
63031
63032
63033
63034
63035
63036
63037
63038
63039
63040
63041
63042
63043
63044
63045
63046
63047
63048
63049
63050
63051
63052
63053
63054
63055
63056
63057
63058
63059
63060
63061
63062
63063
63064
63065
63066
63067
63068
63069
63070
63071
63072
63073
63074
63075
63076
63077
63078
63079
63080
63081
63082
63083
63084
63085
63086
63087
63088
63089
63090
63091
63092
63093
63094
63095
63096
63097
63098
63099
63100
63101
63102
63103
63104
63105
63106
63107
63108
63109
63110
63111
63112
63113
63114
63115
63116
63117
63118
63119
63120
63121
63122
63123
63124
63125
63126
63127
63128
63129
63130
63131
63132
63133
63134
63135
63136
63137
63138
63139
63140
63141
63142
63143
63144
63145
63146
63147
63148
63149
63150
63151
63152
63153
63154
63155
63156
63157
63405
63406
63407
63411
63413
63417
63418
63422
63447
63448
63449
63450
63451
63452
63453
63454
63455
63541
63542
63543
63544
63545
63546
63547
63548
63549
63639
63640
63641
63642
63643
63644
63752
63753
63754
63755
)


// ************************************************************************* //
