0
0
2.76656321518
3.55978966436
0.87917893158
1.01784721531
0.968892451175
1.01306937072
1.00452216097
1.02143878716
1.01357256731
1.01964972263
1.01535572586
1.01657395325
1.01508620941
1.01495231844
1.01377710084
1.01338988819
1.01236815219
1.01271786794
1.01183940118
1.01166398912
1.01144787614
1.01097136282
1.01100102531
1.01007236271
1.00967228206
1.00983699878
1.00982553828
1.00891437869
1.00927879299
1.00880425523
1.00817912642
1.00812712093
1.0079604404
1.00767597996
1.00797093116
1.00748259056
1.0075611147
1.00889066714
1.01050372801
1.0099250744
1.00983063151
1.00957320283
1.00916787843
1.00925769746
1.00858181828
1.00840864881
1.00812068384
1.00833304676
1.00782419288
1.00781527093
1.0077092187
1.00750414318
1.00720837723
1.00741811215
1.00695472814
1.00699426958
1.00695900705
1.0068496853
1.00667061334
1.00642556073
1.00668301295
1.00631704226
1.00644962753
1.00597075645
1.00599063336
1.00595694159
1.00587055377
1.00573329927
1.00554778072
1.0058508587
1.00557536206
1.00525629091
1.0054240745
1.00555168226
1.0051154591
1.00516167669
1.00517075187
1.00565153619
1.00560886903
1.00552919291
1.00541511855
1.00526624603
1.00508639084
1.0053730177
1.00512982433
1.00535042046
1.00504996234
1.00520745719
1.00484680536
1.00494375786
1.00501673092
1.00505892554
1.0045931568
1.00458105367
1.00453873833
1.00446677726
1.00484002474
1.00471878266
1.00456942372
1.00439628593
1.00419587388
1.00443674461
1.00419036838
1.00438213007
1.00409281852
1.0042347118
1.00435825356
1.00400357015
1.00408037526
1.00413381421
1.0041687635
1.00417983817
1.00417283494
1.0041418236
1.00409291627
1.00402281305
1.00393660889
1.00382848045
1.00370425089
1.00356079833
1.0038300872
1.0036521268
1.00345411911
1.0036648309
1.00343415111
1.00360582166
1.00333724649
1.00347466341
1.00359146036
1.00327569582
1.00335765171
1.00342386037
1.0034713073
1.00350426485
1.00310734859
1.00310353582
1.00308677704
1.00305231252
1.00341141116
1.00334862287
1.00326574986
1.0031699679
1.00306036545
1.00293462516
1.00319490501
1.0030424823
1.00287291733
1.00308832816
1.00289256937
1.00307994419
1.00285602936
1.00301446457
1.00276342336
1.00290991279
1.00302894077
1.0027314375
1.00281684501
1.00288721215
1.00292815628
1.0025690339
1.00258669919
1.00259600757
1.00258943872
1.00257140848
1.00254071132
1.00248774821
1.00243000483
1.00274362764
1.00265273055
1.00254871942
1.0024326637
1.00268761465
1.00255549886
1.00241733541
1.00264147493
1.00248750832
1.00231855327
1.00250905976
1.00231850651
1.00248891778
1.00228201172
1.00243219095
1.00220783883
1.00233842114
1.00245745553
1.00220851825
1.00231598355
1.00242210127
1.00214735914
1.00221571969
1.00227519766
1.0023233854
1.00236215814
1.00203692065
1.00206502453
1.00209283242
1.00211495097
1.00212474233
1.00211850388
1.00210541782
1.00208660217
1.00205669251
1.00200563207
1.00194213703
1.00186897175
1.00215012132
1.00206741389
1.00196565645
1.00185160964
1.0020845277
1.00196199382
1.00182918107
1.0020371926
1.00189405938
1.00208629355
1.00192256204
1.00175121348
1.00191592086
1.00172619766
1.00187201117
1.00200954566
1.00179787438
1.00192224734
1.00169776638
1.00180512991
1.00190291534
1.00165104133
1.00173055581
1.00180289613
1.00186713149
1.00158333302
1.00162913112
1.00166641252
1.00169666312
1.00171916174
1.00173367132
1.001738528
1.00173618635
1.00172725753
1.00170973704
1.00168630476
1.00165569615
1.00161991053
1.00157747805
1.00152762854
1.00147087541
1.00173835129
1.00166769733
1.00159070925
1.00150742035
1.00141713706
1.00165055101
1.00154899561
1.00144215013
1.00165625513
1.00153553743
1.00142193319
1.00162835967
1.001499162
1.00136206265
1.0015449633
1.00139564141
1.0015646152
1.00140248768
1.00155745823
1.0013819997
1.00152285031
1.00133352712
1.00146003964
1.00125821028
1.00137059822
1.00147740873
1.00125733078
1.00135239321
1.00144017114
1.00120030132
1.00127542868
1.00134471547
1.00140849204
1.00146534347
1.00119799059
1.00124269724
1.00128045247
1.00131363727
1.00134146643
1.0013609406
1.0013769637
1.00138730839
1.00139016588
1.00129496259
0.200040768963
0.251805397386
0.293828590478
0.367408143841
0.367562507637
0.367699273614
0.367851993905
0.441843326298
0.530383377578
0.630947569164
0.732069667859
0.833247284781
0.933719347176
1.00060133892
1.00188136393
1.00312583521
1.00017052147
1.00137964999
1.00258549269
0.999563377304
1.00074808147
1.00192997344
1.00310953637
1.00000378993
1.00116048727
1.00231479453
0.999155152018
1.00029031422
1.00142229452
1.00255186316
0.99930952183
1.00042051841
1.00152983501
1.00263331667
0.999308906781
1.00039448198
1.00148058871
1.00256214926
0.999152013604
1.00021292726
1.00127336682
1.00233098538
0.998841056296
0.9998787923
1.00091447871
1.00194607077
1.00297377276
0.999366361716
1.00037634069
1.00138276891
1.00239096958
0.998701498528
0.999688180818
1.00067421263
1.00165467956
1.00263587882
0.998830753347
0.999795143182
1.00075858123
1.00171733759
1.00266971399
0.998746778523
0.999687094052
1.00062530686
1.00156251111
1.00249455154
0.998450777133
0.999366458953
1.00028098392
1.0011889131
1.00210088676
1.00300915714
0.998810458785
0.99970125841
1.00059220936
1.00147697453
1.00236272609
1.00324509313
0.998888905265
0.999754365933
1.00061769019
1.00148077549
1.00233631775
1.00319256414
0.99867163969
0.999511259746
1.00034553725
1.0011822854
1.0020146948
1.00284663167
0.998156507028
0.998967513384
0.999781897191
1.00059263031
1.00140328161
1.00220582745
1.00301163264
0.99810682838
0.99889412301
0.999681980681
1.00046911334
1.00124796456
1.00202909118
1.00280678136
1.00357774397
0.998405078898
0.999163967171
0.999924033482
1.00068002843
1.0014313771
1.00218467372
1.00293186192
1.00368149552
0.998221720156
0.998954869033
0.999683223223
1.00041324202
1.00114216729
1.00186653529
1.00258707725
1.00330862263
0.997543657699
0.998250081956
0.998951753849
0.999656032409
1.00035577627
1.00105643335
1.00175381445
1.00244457725
1.00313823968
1.00382923109
0.997634706731
0.998307262442
0.998981219349
0.99965242564
1.00032611186
1.00099178298
1.00166069553
1.00232308733
1.002987366
1.00364579017
1.0043071764
0.99757039253
0.998211298641
0.998856134199
0.999495764598
1.00013725511
1.00077130103
1.00140928109
1.00203909806
1.00267294968
1.00330127371
1.00393284779
1.00455808785
0.997137457592
0.997746342183
0.99835825574
0.99896694333
0.999576416801
1.00017827099
1.00078396528
1.00138412764
1.00198527208
1.00257978611
1.00317851598
1.00377260733
1.00436843031
1.00495690247
0.996563569013
0.997130242798
0.997706917754
0.998281371994
0.998855841506
0.999422238175
0.99999330956
1.00056021888
1.0011270547
1.00168883181
1.00225284094
1.00281067641
1.00337078333
1.0039264696
1.00448355465
1.00503394405
1.00558760683
0.99564969628
0.996183512101
0.996714535745
0.997249426226
0.997780636845
0.998313476994
0.998837825877
0.999367364656
0.999890705178
1.00041687526
1.00093692735
1.00146134894
1.00198146231
1.00250380119
1.00301914321
1.00353158337
1.00404793406
1.00455921945
1.00507220757
1.00558197766
1.00609330433
1.00659877578
1.0071058703
0.993981830659
0.994466992543
0.994951680828
0.995438204561
0.995920849981
0.996405833043
0.996885883681
0.997368444666
0.997846730557
0.998324730083
0.99880241371
