0
0
3.61278774629e-06
4.54101525787e-06
1.22997000997e-06
1.52131866078e-06
1.56916187342e-06
1.73389037059e-06
1.80916819913e-06
1.91035844256e-06
1.96579775909e-06
2.03785383621e-06
2.08888318727e-06
2.14560588523e-06
2.19529319495e-06
2.24436308631e-06
2.28963923412e-06
2.33424800377e-06
2.37589244084e-06
2.41901309856e-06
2.45779643205e-06
2.49635731344e-06
2.53282812895e-06
2.56735340043e-06
2.60199062717e-06
2.63294709218e-06
2.66420117391e-06
2.69590739022e-06
2.72617285675e-06
2.75305497191e-06
2.78256894225e-06
2.80886553846e-06
2.83393095238e-06
2.85983598498e-06
2.88466042019e-06
2.90844132261e-06
2.93322510505e-06
2.95506406689e-06
2.97796893769e-06
3.00000139388e-06
3.01716306453e-06
3.0274629552e-06
3.03888865404e-06
3.04951813156e-06
3.05938158474e-06
3.07046700129e-06
3.07892074357e-06
3.08863562675e-06
3.09771931277e-06
3.10809585072e-06
3.11598833615e-06
3.12519964939e-06
3.13386849831e-06
3.14200937091e-06
3.14964314501e-06
3.15864344916e-06
3.16532783474e-06
3.17339375196e-06
3.18102366012e-06
3.18822740975e-06
3.19502058738e-06
3.20141427281e-06
3.2092267571e-06
3.2148729422e-06
3.22194380916e-06
3.22688362675e-06
3.23325516408e-06
3.23929762638e-06
3.24501586614e-06
3.25042119758e-06
3.25552185968e-06
3.26206969551e-06
3.26659227946e-06
3.27083113969e-06
3.27652089884e-06
3.28194552304e-06
3.28539825611e-06
3.29030380589e-06
3.29496641453e-06
3.29938998184e-06
3.30189105097e-06
3.30416512613e-06
3.30622097641e-06
3.30806382889e-06
3.30970084038e-06
3.3127860784e-06
3.31402616585e-06
3.31671056856e-06
3.31757657348e-06
3.31988200737e-06
3.32038998615e-06
3.32233499039e-06
3.32410878788e-06
3.32571363823e-06
3.32556323978e-06
3.32684038918e-06
3.32796209546e-06
3.32892909931e-06
3.33131251247e-06
3.33198615239e-06
3.33251662523e-06
3.33290976752e-06
3.33316536633e-06
3.33482469804e-06
3.33482352439e-06
3.33621704973e-06
3.33596515259e-06
3.33710381502e-06
3.33812129206e-06
3.33751602141e-06
3.33829371077e-06
3.33895821766e-06
3.33950952365e-06
3.33995009769e-06
3.34028204057e-06
3.34050686602e-06
3.34062734171e-06
3.34064728254e-06
3.34056865307e-06
3.34039245568e-06
3.34012047314e-06
3.33975495163e-06
3.34073290826e-06
3.34018648882e-06
3.33955066914e-06
3.34024843642e-06
3.33944094977e-06
3.33995987832e-06
3.33898555419e-06
3.33933996821e-06
3.33960693699e-06
3.338396368e-06
3.33850158108e-06
3.33852823911e-06
3.33847863137e-06
3.338353772e-06
3.33678141036e-06
3.33650816199e-06
3.33616464488e-06
3.33575016519e-06
3.33662329075e-06
3.33607238554e-06
3.33545249e-06
3.33476697905e-06
3.33401746302e-06
3.33320401943e-06
3.33366086861e-06
3.33272356397e-06
3.33172529765e-06
3.33198887615e-06
3.33087281967e-06
3.33101405063e-06
3.32978379035e-06
3.32980527061e-06
3.32846552468e-06
3.3306380097e-06
3.33055682596e-06
3.32899126212e-06
3.32872917849e-06
3.32841635614e-06
3.32806547989e-06
3.32639440276e-06
3.32595182019e-06
3.32545558716e-06
3.32490491437e-06
3.32430090808e-06
3.32364530891e-06
3.32294411246e-06
3.32219201799e-06
3.32264748081e-06
3.32179955672e-06
3.32090488249e-06
3.3199651208e-06
3.32022602964e-06
3.31919869277e-06
3.31812754809e-06
3.31825050503e-06
3.31709595937e-06
3.31589988773e-06
3.31589134707e-06
3.31461616178e-06
3.31452229714e-06
3.31316852187e-06
3.31299302218e-06
3.31156380467e-06
3.31130822619e-06
3.3110143048e-06
3.30947524964e-06
3.3091030172e-06
3.30869263686e-06
3.30703381243e-06
3.3065494927e-06
3.30603037427e-06
3.3054752623e-06
3.30488350142e-06
3.30307237569e-06
3.30241214381e-06
3.30171858455e-06
3.30099170855e-06
3.30023086138e-06
3.29943724498e-06
3.29861258499e-06
3.29775578796e-06
3.29686739411e-06
3.29594930625e-06
3.29499967839e-06
3.29401867371e-06
3.29416522194e-06
3.29312600309e-06
3.29205665093e-06
3.29077182246e-06
3.29068959213e-06
3.2894736474e-06
3.2882487242e-06
3.28815359934e-06
3.28689951368e-06
3.28675929345e-06
3.28545934116e-06
3.28413658185e-06
3.28392077618e-06
3.28254966439e-06
3.28228105864e-06
3.28198724044e-06
3.28054363086e-06
3.28019803869e-06
3.27871110644e-06
3.27831633047e-06
3.27789528638e-06
3.2763360021e-06
3.27586610382e-06
3.27535463113e-06
3.27483634007e-06
3.27318623429e-06
3.27261657782e-06
3.27202401363e-06
3.27140984006e-06
3.27077336087e-06
3.27011241525e-06
3.26942872478e-06
3.26872326774e-06
3.26799548816e-06
3.26724590007e-06
3.26647519066e-06
3.26568393071e-06
3.26487104169e-06
3.26404108979e-06
3.26318791588e-06
3.2623140607e-06
3.26249841302e-06
3.26158379262e-06
3.26064989142e-06
3.25969701211e-06
3.25872440182e-06
3.25880406333e-06
3.25779527221e-06
3.2567686225e-06
3.25679008416e-06
3.2557267868e-06
3.25464595921e-06
3.25461022343e-06
3.25349522212e-06
3.25236329427e-06
3.25227256032e-06
3.25110790448e-06
3.25098186647e-06
3.24978530293e-06
3.24962529167e-06
3.248398664e-06
3.24820614225e-06
3.24695100462e-06
3.24672294318e-06
3.24537944278e-06
3.24506097869e-06
3.24472363789e-06
3.24332838574e-06
3.2429560112e-06
3.24256510772e-06
3.24112042481e-06
3.24069620238e-06
3.24025559504e-06
3.23979854287e-06
3.23932588615e-06
3.23780720614e-06
3.23730296795e-06
3.23678652031e-06
3.23625208702e-06
3.23570221153e-06
3.2351364194e-06
3.23455640061e-06
3.23396177181e-06
3.23335192778e-06
3.23242754362e-06
6.45924897427e-07
8.13336268872e-07
9.49178478544e-07
1.18689401585e-06
1.18735076777e-06
1.18776856597e-06
1.18822074528e-06
1.42711390214e-06
1.71282259881e-06
2.03719149462e-06
2.36318046876e-06
2.68917696037e-06
3.0126854162e-06
3.22764122826e-06
3.23100203052e-06
3.23431758128e-06
3.22412819838e-06
3.22739204207e-06
3.23065035213e-06
3.22038890602e-06
3.22359290539e-06
3.22678877583e-06
3.22997676064e-06
3.21938491058e-06
3.22252054097e-06
3.22563312998e-06
3.21488167517e-06
3.21795821938e-06
3.22102658781e-06
3.22408443519e-06
3.21309257063e-06
3.21610374446e-06
3.21910837714e-06
3.22210294465e-06
3.21087097481e-06
3.21381787751e-06
3.21675810864e-06
3.21968936309e-06
3.20821578344e-06
3.2111004941e-06
3.21397909444e-06
3.21684814609e-06
3.20513075842e-06
3.20795460076e-06
3.21077199643e-06
3.21348011887e-06
3.216227537e-06
3.20414481366e-06
3.20688279452e-06
3.20962177507e-06
3.21235495166e-06
3.20004820652e-06
3.20273908153e-06
3.2054258009e-06
3.2081045078e-06
3.21077573634e-06
3.19812828345e-06
3.20075694063e-06
3.20337916099e-06
3.20599541337e-06
3.20860361752e-06
3.19560618284e-06
3.19817095544e-06
3.20073028867e-06
3.20328255241e-06
3.20582740199e-06
3.19245270929e-06
3.19495581425e-06
3.19745332087e-06
3.19994337225e-06
3.20242682259e-06
3.20490251223e-06
3.1910800446e-06
3.19351399766e-06
3.19594352171e-06
3.19836524057e-06
3.20078054238e-06
3.20318896556e-06
3.18888577697e-06
3.19125614759e-06
3.19361889331e-06
3.1959749921e-06
3.19832461147e-06
3.20066688137e-06
3.18586516942e-06
3.1881665127e-06
3.19046349185e-06
3.19275429825e-06
3.19503927347e-06
3.19731687916e-06
3.18199896266e-06
3.18423689417e-06
3.18647058418e-06
3.18869812111e-06
3.19092051352e-06
3.19313644684e-06
3.19534653081e-06
3.17937315175e-06
3.18154339962e-06
3.18370906054e-06
3.18586950844e-06
3.18802443362e-06
3.1901739484e-06
3.19231915696e-06
3.19445757299e-06
3.1776663289e-06
3.17976672733e-06
3.18188299579e-06
3.18396439915e-06
3.18603926991e-06
3.18810856194e-06
3.19017131848e-06
3.19222730714e-06
3.17455060815e-06
3.17656633966e-06
3.1785778656e-06
3.18058332353e-06
3.18258286091e-06
3.18457710533e-06
3.18657086465e-06
3.18855454817e-06
3.1699377147e-06
3.17188012567e-06
3.17381897619e-06
3.17575291477e-06
3.17768073044e-06
3.17960193581e-06
3.18151969209e-06
3.18343170917e-06
3.18533750889e-06
3.18723869791e-06
3.16728109761e-06
3.16914180293e-06
3.17099986526e-06
3.17285169309e-06
3.17469792815e-06
3.17653956299e-06
3.17837765297e-06
3.18021030718e-06
3.18203205032e-06
3.18385324081e-06
3.18566976829e-06
3.16403337097e-06
3.16580871602e-06
3.1675822204e-06
3.16935051292e-06
3.17111316774e-06
3.17287109145e-06
3.1746070319e-06
3.17635502505e-06
3.17809895356e-06
3.17983792475e-06
3.18157229791e-06
3.18330253803e-06
3.15953713892e-06
3.16122640839e-06
3.16291334914e-06
3.16459525576e-06
3.16627241774e-06
3.16794425802e-06
3.16961143496e-06
3.17127426229e-06
3.17293272553e-06
3.17458664376e-06
3.17623691229e-06
3.17788282061e-06
3.17952366132e-06
3.18116033837e-06
3.15436443596e-06
3.15577138348e-06
3.15725520946e-06
3.15877554858e-06
3.16031544913e-06
3.16186914133e-06
3.16342634181e-06
3.16498312821e-06
3.16653904589e-06
3.16809367774e-06
3.16964603513e-06
3.1711966207e-06
3.17274380108e-06
3.17428733866e-06
3.17582695923e-06
3.17736347639e-06
3.1788971042e-06
3.14728557372e-06
3.14877581399e-06
3.15026557675e-06
3.15175227745e-06
3.15321449359e-06
3.1546926087e-06
3.15616811011e-06
3.15763960138e-06
3.15910780944e-06
3.1605733107e-06
3.16203501151e-06
3.1634924858e-06
3.16494759594e-06
3.16639991879e-06
3.16784777833e-06
3.16929660299e-06
3.17073872285e-06
3.1721765046e-06
3.1736117155e-06
3.17504367816e-06
3.17647285828e-06
3.17789908705e-06
3.17932135728e-06
3.13774343282e-06
3.13911806436e-06
3.14049280473e-06
3.14186383702e-06
3.1432327093e-06
3.14459830501e-06
3.14596139435e-06
3.14732274844e-06
3.1486822828e-06
3.15003890354e-06
3.15139372703e-06
