0.0012	1	0	0	0	1	0	0	0	1
0.00163382	1	-6.98211161269e-13	1.94678539173e-13	6.98211161269e-13	1	-1.32907090498e-12	-1.94678539172e-13	1.32907090498e-12	1
0.00175573	1	-8.44271054872e-13	5.36751176275e-12	8.44271054893e-13	1	-3.79352160254e-12	-5.36751176275e-12	3.79352160254e-12	1
0.00189149	1	1.40212802455e-12	2.72909937649e-11	-1.40212802429e-12	1	-9.87286103302e-12	-2.72909937649e-11	9.87286103298e-12	1
0.00202492	1	9.02299840803e-12	6.60029136598e-11	-9.02299840727e-12	1	-1.14977217453e-11	-6.60029136599e-11	1.14977217447e-11	1
0.00216257	1	2.35696990435e-11	1.13292521594e-10	-2.35696990442e-11	1	5.8461270544e-12	-1.13292521594e-10	-5.84612705707e-12	1
0.00229845	1	4.20779504344e-11	1.63617098276e-10	-4.20779504426e-11	1	4.98305583892e-11	-1.63617098273e-10	-4.98305583961e-11	1
0.00243371	1	6.10506896303e-11	2.31735885763e-10	-6.10506896578e-11	1	1.18679320662e-10	-2.31735885755e-10	-1.18679320676e-10	1
0.00256617	1	7.84704317787e-11	3.24906445007e-10	-7.84704318456e-11	1	2.05909505438e-10	-3.2490644499e-10	-2.05909505463e-10	1
0.00269687	1	9.19647171868e-11	4.36153367338e-10	-9.19647173226e-11	1	3.11420605788e-10	-4.3615336731e-10	-3.11420605828e-10	1
0.00282508	1	9.98098742027e-11	5.58036595173e-10	-9.98098744477e-11	1	4.39114415641e-10	-5.58036595129e-10	-4.39114415696e-10	1
0.0029513	1	1.033034729e-10	6.93747336191e-10	-1.03303473311e-10	1	5.92359269953e-10	-6.9374733613e-10	-5.92359270024e-10	1
0.00307549	1	1.03378247961e-10	8.45033567701e-10	-1.03378248614e-10	1	7.72724826204e-10	-8.45033567621e-10	-7.72724826291e-10	1
0.00319783	1	9.93777172559e-11	1.00329250132e-09	-9.93777182345e-11	1	9.75354921943e-10	-1.00329250123e-09	-9.75354922043e-10	1
0.00331836	1	9.3360368136e-11	1.16667713549e-09	-9.33603695216e-11	1	1.18761040579e-09	-1.16667713538e-09	-1.1876104059e-09	1
0.00343722	1	9.01329613142e-11	1.34053078959e-09	-9.01329632007e-11	1	1.40733445071e-09	-1.34053078946e-09	-1.40733445083e-09	1
0.00355447	1	9.03433112246e-11	1.52488292622e-09	-9.03433137252e-11	1	1.63985485872e-09	-1.52488292607e-09	-1.63985485886e-09	1
0.00367033	1	9.2533698375e-11	1.71458808728e-09	-9.25337016099e-11	1	1.88673598915e-09	-1.71458808711e-09	-1.88673598931e-09	1
0.00378474	1	9.52398348165e-11	1.90764148097e-09	-9.52398389115e-11	1	2.14662783853e-09	-1.90764148076e-09	-2.14662783871e-09	1
0.00389782	1	9.69472635927e-11	2.10819048907e-09	-9.69472686954e-11	1	2.42040942179e-09	-2.10819048884e-09	-2.42040942199e-09	1
0.00400961	1	9.89271856792e-11	2.31817973215e-09	-9.89271919491e-11	1	2.70468215487e-09	-2.31817973189e-09	-2.7046821551e-09	1
0.00412012	1	1.02392592942e-10	2.53449068463e-09	-1.02392600536e-10	1	2.99637398372e-09	-2.53449068433e-09	-2.99637398398e-09	1
0.00422948	1	1.06193820433e-10	2.74698734958e-09	-1.06193829513e-10	1	3.30540969684e-09	-2.74698734923e-09	-3.30540969713e-09	1
0.00433762	1	1.09022219118e-10	2.95583389215e-09	-1.09022229843e-10	1	3.62831198843e-09	-2.95583389176e-09	-3.62831198875e-09	1
0.00444464	1	1.10861908026e-10	3.16354739487e-09	-1.10861920519e-10	1	3.94910515674e-09	-3.16354739443e-09	-3.94910515709e-09	1
0.00455066	1	1.11173497218e-10	3.35681822069e-09	-1.11173511557e-10	1	4.27172733885e-09	-3.35681822021e-09	-4.27172733923e-09	1
0.00465567	1	1.06857944587e-10	3.53419097906e-09	-1.06857960861e-10	1	4.60469776297e-09	-3.53419097857e-09	-4.60469776335e-09	1
0.00475964	1	9.46025774664e-11	3.70502810795e-09	-9.46025958021e-11	1	4.94887708395e-09	-3.70502810748e-09	-4.9488770843e-09	1
0.00486272	1	7.57168065035e-11	3.87695071101e-09	-7.57168270634e-11	1	5.30312881024e-09	-3.8769507106e-09	-5.30312881053e-09	1
0.00496486	1	5.41511465433e-11	4.06238535221e-09	-5.41511695189e-11	1	5.65567975608e-09	-4.0623853519e-09	-5.6556797563e-09	1
0.00506607	1	3.26254198796e-11	4.26095296555e-09	-3.26254454427e-11	1	5.99937615697e-09	-4.26095296535e-09	-5.99937615711e-09	1
0.00516644	1	1.41735029881e-11	4.4594088788e-09	-1.41735312613e-11	1	6.34012870056e-09	-4.45940887871e-09	-6.34012870062e-09	1
0.00526598	1	-1.55898278628e-12	4.65289364597e-09	1.55895170098e-12	1	6.68085302531e-09	-4.65289364598e-09	-6.6808530253e-09	1
0.00536471	1	-1.67938754846e-11	4.83947027744e-09	1.67938414911e-11	1	7.02422462133e-09	-4.83947027756e-09	-7.02422462125e-09	1
0.0054627	1	-3.1433999635e-11	5.02725939165e-09	3.14339625427e-11	1	7.37824968748e-09	-5.02725939188e-09	-7.37824968732e-09	1
0.0055599	1	-4.56819377541e-11	5.23149255847e-09	4.56818972655e-11	1	7.73938777194e-09	-5.23149255882e-09	-7.73938777171e-09	1
0.00565639	1	-6.04354625821e-11	5.44740904408e-09	6.04354184786e-11	1	8.0962482666e-09	-5.44740904457e-09	-8.09624826627e-09	1
0.00575217	1	-7.91563908183e-11	5.6624569594e-09	7.9156342966e-11	1	8.45079800923e-09	-5.66245696007e-09	-8.45079800878e-09	1
0.00584713	1	-1.05124858566e-10	5.8751249499e-09	1.05124806796e-10	1	8.81175954948e-09	-5.87512495082e-09	-8.81175954887e-09	1
0.0059411	1	-1.34239168565e-10	6.08103125103e-09	1.34239112742e-10	1	9.17987086901e-09	-6.08103125226e-09	-9.17987086819e-09	1
0.00603416	1	-1.58609345816e-10	6.27671741255e-09	1.58609285841e-10	1	9.55506014165e-09	-6.27671741407e-09	-9.55506014065e-09	1
0.00612633	1	-1.76388061048e-10	6.46863839356e-09	1.76387996779e-10	1	9.9354635059e-09	-6.46863839531e-09	-9.93546350476e-09	1
0.00621762	1	-1.90928814854e-10	6.65830794231e-09	1.90928746183e-10	1	1.03136653271e-08	-6.65830794428e-09	-1.03136653259e-08	1
0.00630811	1	-2.03683856516e-10	6.85086877866e-09	2.03683783318e-10	1	1.06844045279e-08	-6.85086878084e-09	-1.06844045265e-08	1
0.00639775	1	-2.15900784904e-10	7.05561923521e-09	2.15900706964e-10	1	1.10465414299e-08	-7.0556192376e-09	-1.10465414284e-08	1
0.00648661	1	-2.30950006184e-10	7.26722976624e-09	2.30949923313e-10	1	1.14034603653e-08	-7.26722976887e-09	-1.14034603636e-08	1
0.00657471	1	-2.48951722479e-10	7.47709901332e-09	2.48951634562e-10	1	1.17581524176e-08	-7.47709901624e-09	-1.17581524158e-08	1
0.00666211	1	-2.67050713238e-10	7.68505287821e-09	2.67050620198e-10	1	1.21066363233e-08	-7.68505288144e-09	-1.21066363213e-08	1
0.00674877	1	-2.85562755671e-10	7.89193328054e-09	2.85562657431e-10	1	1.24481709692e-08	-7.89193328409e-09	-1.24481709669e-08	1
0.00683476	1	-3.0677360575e-10	8.09426796367e-09	3.06773502261e-10	1	1.27854404872e-08	-8.09426796759e-09	-1.27854404847e-08	1
0.00692007	1	-3.30553252885e-10	8.28706283253e-09	3.30553144163e-10	1	1.31194445457e-08	-8.28706283687e-09	-1.31194445429e-08	1
0.00700474	1	-3.55949097007e-10	8.47283140911e-09	3.55948982999e-10	1	1.34556544465e-08	-8.4728314139e-09	-1.34556544435e-08	1
0.00708875	1	-3.84404117251e-10	8.66159662848e-09	3.84403997779e-10	1	1.3793270037e-08	-8.66159663378e-09	-1.37932700337e-08	1
0.00717218	1	-4.1661161255e-10	8.86156467531e-09	4.16611487347e-10	1	1.41287574069e-08	-8.86156468119e-09	-1.41287574032e-08	1
0.00725498	1	-4.50121270076e-10	9.06742651021e-09	4.50121138962e-10	1	1.44599110399e-08	-9.06742651672e-09	-1.44599110359e-08	1
0.00733721	1	-4.8481502438e-10	9.26563818691e-09	4.84814887437e-10	1	1.47796780042e-08	-9.26563819407e-09	-1.47796779997e-08	1
0.00741887	1	-5.22006114571e-10	9.45448280124e-09	5.22005971912e-10	1	1.50889994147e-08	-9.45448280911e-09	-1.50889994098e-08	1
0.00749997	1	-5.58939549458e-10	9.6410341792e-09	5.58939401034e-10	1	1.5394999294e-08	-9.6410341878e-09	-1.53949992886e-08	1
0.00758053	1	-5.90668893223e-10	9.8271042812e-09	5.90668738956e-10	1	1.56981619031e-08	-9.82710429047e-09	-1.56981618973e-08	1
0.00766054	1	-6.14780457224e-10	1.00022720529e-08	6.14780297149e-10	1	1.6003812127e-08	-1.00022720628e-08	-1.60038121208e-08	1
0.00774006	1	-6.3381111734e-10	1.01605366652e-08	6.33810951468e-10	1	1.63250324295e-08	-1.01605366756e-08	-1.6325032423e-08	1
0.00781905	1	-6.51467886079e-10	1.03194154356e-08	6.51467714082e-10	1	1.66673447163e-08	-1.03194154465e-08	-1.66673447095e-08	1
0.00789756	1	-6.68967439038e-10	1.04955258988e-08	6.68967260344e-10	1	1.7025784429e-08	-1.04955259102e-08	-1.70257844219e-08	1
0.00797555	1	-6.85409872735e-10	1.06892946691e-08	6.85409686849e-10	1	1.73899055809e-08	-1.0689294681e-08	-1.73899055736e-08	1
0.00805307	1	-7.00967305564e-10	1.08973470154e-08	7.00967112167e-10	1	1.77471729778e-08	-1.08973470279e-08	-1.77471729701e-08	1
0.00813013	1	-7.16922260923e-10	1.11175529837e-08	7.1692205981e-10	1	1.80896284873e-08	-1.11175529967e-08	-1.80896284793e-08	1
0.00820674	1	-7.31611394114e-10	1.13493284261e-08	7.31611184992e-10	1	1.84259194791e-08	-1.13493284395e-08	-1.84259194708e-08	1
0.00828289	1	-7.43701870219e-10	1.15879805736e-08	7.43701652709e-10	1	1.87703072253e-08	-1.15879805876e-08	-1.87703072167e-08	1
0.00835859	1	-7.54944703737e-10	1.18287426541e-08	7.54944477537e-10	1	1.91229150342e-08	-1.18287426686e-08	-1.91229150252e-08	1
0.00843389	1	-7.66931371632e-10	1.20824112869e-08	7.66931136294e-10	1	1.9477743101e-08	-1.20824113018e-08	-1.94777430917e-08	1
0.00850876	1	-7.78340928846e-10	1.23587989437e-08	7.78340683765e-10	1	1.98305356953e-08	-1.23587989591e-08	-1.98305356857e-08	1
0.00858319	1	-7.85791378517e-10	1.26490337511e-08	7.8579112327e-10	1	2.01791161118e-08	-1.2649033767e-08	-2.01791161018e-08	1
0.00865723	1	-7.88832876925e-10	1.29438890667e-08	7.88832611247e-10	1	2.05253606699e-08	-1.29438890829e-08	-2.05253606597e-08	1
0.00873088	1	-7.9057193639e-10	1.32410783226e-08	7.90571660027e-10	1	2.08716779231e-08	-1.32410783391e-08	-2.08716779126e-08	1
0.00880411	1	-7.93330697427e-10	1.35376119766e-08	7.93330410172e-10	1	2.121901619e-08	-1.35376119934e-08	-2.12190161792e-08	1
0.00887697	1	-7.97657527964e-10	1.38317336428e-08	7.97657229663e-10	1	2.15664599709e-08	-1.383173366e-08	-2.15664599598e-08	1
0.00894945	1	-8.02737072562e-10	1.41235904497e-08	8.02736763101e-10	1	2.19109190618e-08	-1.41235904673e-08	-2.19109190505e-08	1
0.00902157	1	-8.0797289018e-10	1.44129272544e-08	8.07972569521e-10	1	2.22480542877e-08	-1.44129272724e-08	-2.22480542761e-08	1
0.00909327	1	-8.14109022395e-10	1.47002500677e-08	8.14108690529e-10	1	2.25754859001e-08	-1.47002500861e-08	-2.25754858881e-08	1
0.00916458	1	-8.20460982875e-10	1.49852211754e-08	8.20460639718e-10	1	2.28997013787e-08	-1.49852211942e-08	-2.28997013664e-08	1
0.0092355	1	-8.26446525744e-10	1.5267598818e-08	8.26446171119e-10	1	2.322730443e-08	-1.52675988371e-08	-2.32273044174e-08	1
0.00930602	1	-8.33119142141e-10	1.55513289365e-08	8.33118775811e-10	1	2.35561828943e-08	-1.55513289561e-08	-2.35561828814e-08	1
0.00937616	1	-8.40614316077e-10	1.58373192642e-08	8.40613937834e-10	1	2.38830267579e-08	-1.58373192843e-08	-2.38830267446e-08	1
0.00944595	1	-8.48153333545e-10	1.612290909e-08	8.48152943217e-10	1	2.42095181334e-08	-1.61229091105e-08	-2.42095181197e-08	1
0.00951535	1	-8.55424946943e-10	1.64084227427e-08	8.55424544288e-10	1	2.45395805184e-08	-1.64084227637e-08	-2.45395805044e-08	1
0.00958442	1	-8.63774913152e-10	1.66947492557e-08	8.63774497883e-10	1	2.48742218916e-08	-1.66947492771e-08	-2.48742218772e-08	1
0.00965312	1	-8.75480401836e-10	1.69829352256e-08	8.75479973677e-10	1	2.5211128842e-08	-1.69829352476e-08	-2.52111288272e-08	1
0.00972148	1	-8.90349359272e-10	1.72777236135e-08	8.90348917853e-10	1	2.55484480812e-08	-1.72777236362e-08	-2.55484480658e-08	1
0.00978948	1	-9.05694378848e-10	1.75799148585e-08	9.05693923807e-10	1	2.5884136292e-08	-1.75799148819e-08	-2.58841362761e-08	1
0.00985715	1	-9.20387542776e-10	1.78866727622e-08	9.20387073851e-10	1	2.62164535243e-08	-1.78866727863e-08	-2.62164535078e-08	1
0.00992449	1	-9.33502112918e-10	1.81996540233e-08	9.33501629832e-10	1	2.65436476512e-08	-1.81996540481e-08	-2.65436476342e-08	1
0.00999151	1	-9.45000143787e-10	1.85188054049e-08	9.44999646247e-10	1	2.68667469465e-08	-1.85188054302e-08	-2.6866746929e-08	1
0.0100582	1	-9.58957442198e-10	1.88360342623e-08	9.58956930122e-10	1	2.71859975007e-08	-1.88360342884e-08	-2.71859974827e-08	1
0.0101245	1	-9.77735558084e-10	1.91485470114e-08	9.77735031557e-10	1	2.74969659087e-08	-1.91485470383e-08	-2.74969658899e-08	1
0.0101906	1	-1.00020774448e-09	1.9457812502e-08	1.00020720357e-09	1	2.77989658136e-08	-1.94578125298e-08	-2.77989657941e-08	1
0.0102563	1	-1.02608616597e-09	1.97619041647e-08	1.02608561066e-09	1	2.80999503797e-08	-1.97619041936e-08	-2.80999503594e-08	1
0.0103218	1	-1.05340737902e-09	2.00609535463e-08	1.05340680919e-09	1	2.84049413463e-08	-2.00609535762e-08	-2.84049413251e-08	1
0.0103869	1	-1.07983237814e-09	2.03560768161e-08	1.07983179371e-09	1	2.87104992482e-08	-2.03560768471e-08	-2.87104992262e-08	1
0.0104518	1	-1.10569394463e-09	2.06495987591e-08	1.10569334556e-09	1	2.90111413685e-08	-2.06495987911e-08	-2.90111413457e-08	1
0.0105163	1	-1.13015627713e-09	2.09454767402e-08	1.13015566336e-09	1	2.93033018294e-08	-2.09454767733e-08	-2.93033018057e-08	1
0.0105806	1	-1.15243233976e-09	2.12460375834e-08	1.15243171111e-09	1	2.95887842467e-08	-2.12460376175e-08	-2.95887842222e-08	1
0.0106445	1	-1.17363396884e-09	2.15501977985e-08	1.1736333251e-09	1	2.98714349969e-08	-2.15501978335e-08	-2.98714349716e-08	1
0.0107082	1	-1.19511010215e-09	2.18535180906e-08	1.19510944327e-09	1	3.01497321358e-08	-2.18535181267e-08	-3.01497321097e-08	1
0.0107717	1	-1.21601052836e-09	2.21549974746e-08	1.21600985437e-09	1	3.04213808418e-08	-2.21549975116e-08	-3.04213808149e-08	1
0.0108348	1	-1.23420218656e-09	2.24577887814e-08	1.23420149732e-09	1	3.06903467722e-08	-2.24577888193e-08	-3.06903467445e-08	1
0.0108977	1	-1.24921085103e-09	2.27645438861e-08	1.24921014625e-09	1	3.09593303452e-08	-2.27645439248e-08	-3.09593303167e-08	1
0.0109603	1	-1.26086893679e-09	2.30774178637e-08	1.26086821606e-09	1	3.12312525388e-08	-2.30774179031e-08	-3.12312525097e-08	1
0.0110227	1	-1.27083529596e-09	2.34001080361e-08	1.27083455854e-09	1	3.1513443913e-08	-2.34001080761e-08	-3.15134438833e-08	1
0.0110848	1	-1.28257708686e-09	2.37313833632e-08	1.28257633215e-09	1	3.18022173244e-08	-2.3731383404e-08	-3.18022172939e-08	1
0.0111466	1	-1.2973821469e-09	2.40616546449e-08	1.29738137498e-09	1	3.20807327199e-08	-2.40616546865e-08	-3.20807326886e-08	1
0.0112082	1	-1.31537432426e-09	2.43816790004e-08	1.3153735359e-09	1	3.23340006985e-08	-2.43816790429e-08	-3.23340006664e-08	1
0.0112696	1	-1.33766305842e-09	2.46914108898e-08	1.33766225433e-09	1	3.2565843515e-08	-2.46914109334e-08	-3.25658434819e-08	1
0.0113307	1	-1.36350479014e-09	2.49931676198e-08	1.3635039706e-09	1	3.27902296227e-08	-2.49931676646e-08	-3.27902295886e-08	1
0.0113916	1	-1.39072464342e-09	2.5286335909e-08	1.39072380872e-09	1	3.30095726091e-08	-2.52863359549e-08	-3.30095725739e-08	1
0.0114522	1	-1.41897173368e-09	2.55758080488e-08	1.41897088408e-09	1	3.32187289041e-08	-2.5575808096e-08	-3.32187288679e-08	1
0.0115126	1	-1.44795420301e-09	2.58635432131e-08	1.44795333875e-09	1	3.34163193331e-08	-2.58635432615e-08	-3.34163192956e-08	1
0.0115728	1	-1.47805151995e-09	2.61455573484e-08	1.4780506413e-09	1	3.3606343211e-08	-2.61455573981e-08	-3.36063431723e-08	1
0.0116327	1	-1.51039065075e-09	2.64227864563e-08	1.51038975789e-09	1	3.37910989365e-08	-2.64227865073e-08	-3.37910988966e-08	1
0.0116924	1	-1.54339107824e-09	2.66960926115e-08	1.5433901714e-09	1	3.39689937666e-08	-2.66960926639e-08	-3.39689937253e-08	1
0.0117518	1	-1.57715531651e-09	2.69653907483e-08	1.57715439593e-09	1	3.4139347614e-08	-2.69653908022e-08	-3.41393475714e-08	1
0.0118111	1	-1.61441654603e-09	2.72317669566e-08	1.61441561188e-09	1	3.43036792421e-08	-2.7231767012e-08	-3.43036791982e-08	1
0.0118701	1	-1.65417607667e-09	2.74941188174e-08	1.65417512908e-09	1	3.44654154105e-08	-2.74941188744e-08	-3.4465415365e-08	1
0.0119289	1	-1.69524369236e-09	2.77551677635e-08	1.69524273129e-09	1	3.46269597037e-08	-2.77551678222e-08	-3.46269596566e-08	1
0.0119875	1	-1.7401052203e-09	2.80157161448e-08	1.74010424557e-09	1	3.4792083833e-08	-2.80157162054e-08	-3.47920837843e-08	1
0.0120459	1	-1.78853180485e-09	2.82718612932e-08	1.78853081639e-09	1	3.49625386681e-08	-2.82718613557e-08	-3.49625386176e-08	1
0.0121041	1	-1.83665824199e-09	2.85259335289e-08	1.83665723983e-09	1	3.51315089355e-08	-2.85259335934e-08	-3.51315088831e-08	1
0.0121621	1	-1.88384328553e-09	2.87811792744e-08	1.88384226954e-09	1	3.5300502049e-08	-2.87811793409e-08	-3.53005019948e-08	1
0.0122198	1	-1.93129573847e-09	2.90385322754e-08	1.93129470825e-09	1	3.5477804874e-08	-2.90385323439e-08	-3.54778048179e-08	1
0.0122774	1	-1.97816845782e-09	2.93008266386e-08	1.97816741299e-09	1	3.56588144361e-08	-2.93008267092e-08	-3.56588143782e-08	1
0.0123348	1	-2.02465194729e-09	2.95702697786e-08	2.02465088756e-09	1	3.58377006993e-08	-2.95702698512e-08	-3.58377006394e-08	1
0.0123919	1	-2.07067949134e-09	2.98459585293e-08	2.07067841644e-09	1	3.60146869031e-08	-2.98459586038e-08	-3.60146868413e-08	1
0.0124489	1	-2.115382221e-09	3.01234222643e-08	2.11538113088e-09	1	3.61882672647e-08	-3.01234223408e-08	-3.6188267201e-08	1
0.0125057	1	-2.15867185974e-09	3.03985662349e-08	2.15867075446e-09	1	3.63595819747e-08	-3.03985663133e-08	-3.63595819091e-08	1
0.0125623	1	-2.19959521234e-09	3.0671416584e-08	2.1995940919e-09	1	3.6530554965e-08	-3.06714166644e-08	-3.65305548976e-08	1
0.0126187	1	-2.23800560616e-09	3.09433767772e-08	2.23800447053e-09	1	3.67000996221e-08	-3.09433768593e-08	-3.67000995528e-08	1
0.0126749	1	-2.2734923468e-09	3.12150850196e-08	2.27349119596e-09	1	3.68681764145e-08	-3.12150851035e-08	-3.68681763435e-08	1
0.0127309	1	-2.30613215409e-09	3.14877889843e-08	2.30613098795e-09	1	3.7034655627e-08	-3.14877890697e-08	-3.70346555543e-08	1
0.0127868	1	-2.33856149832e-09	3.17663791033e-08	2.33856031663e-09	1	3.71992986803e-08	-3.17663791903e-08	-3.7199298606e-08	1
0.0128425	1	-2.37240037405e-09	3.2052748849e-08	2.37239917652e-09	1	3.73614655446e-08	-3.20527489377e-08	-3.73614654685e-08	1
0.012898	1	-2.40676426175e-09	3.23426534692e-08	2.40676304826e-09	1	3.75196906522e-08	-3.23426535595e-08	-3.75196905743e-08	1
0.0129533	1	-2.4400935299e-09	3.26333865275e-08	2.4400923005e-09	1	3.76732834942e-08	-3.26333866195e-08	-3.76732834145e-08	1
0.0130085	1	-2.47389987229e-09	3.29202351711e-08	2.47389862723e-09	1	3.78203179267e-08	-3.29202352647e-08	-3.78203178452e-08	1
0.0130634	1	-2.50955597069e-09	3.31991709743e-08	2.50955471041e-09	1	3.79611926659e-08	-3.31991710696e-08	-3.79611925826e-08	1
0.0131182	1	-2.54538643237e-09	3.34733702742e-08	2.54538515708e-09	1	3.80985788589e-08	-3.34733703711e-08	-3.80985787737e-08	1
0.0131729	1	-2.58075109477e-09	3.37482344024e-08	2.58074980448e-09	1	3.82329315968e-08	-3.37482345011e-08	-3.82329315097e-08	1
0.0132273	1	-2.61572835664e-09	3.40271819626e-08	2.6157270512e-09	1	3.83647399571e-08	-3.4027182063e-08	-3.83647398681e-08	1
0.0132816	1	-2.64932890974e-09	3.43092931523e-08	2.64932758897e-09	1	3.84960258528e-08	-3.43092932543e-08	-3.84960257619e-08	1
0.0133358	1	-2.68065747338e-09	3.45932341605e-08	2.68065613704e-09	1	3.86299422384e-08	-3.4593234264e-08	-3.86299421456e-08	1
0.0133898	1	-2.70956532542e-09	3.48776375777e-08	2.70956397339e-09	1	3.87649495106e-08	-3.48776376828e-08	-3.87649494161e-08	1
0.0134436	1	-2.73675140742e-09	3.51614038716e-08	2.73675003988e-09	1	3.88932267983e-08	-3.51614039781e-08	-3.8893226702e-08	1
0.0134972	1	-2.76494072088e-09	3.54472980819e-08	2.76493933803e-09	1	3.90113350119e-08	-3.54472981898e-08	-3.90113349138e-08	1
0.0135508	1	-2.79497520646e-09	3.57364370573e-08	2.7949738082e-09	1	3.91269953118e-08	-3.57364371667e-08	-3.91269952119e-08	1
0.0136041	1	-2.82585650458e-09	3.60259814247e-08	2.82585509068e-09	1	3.92466444024e-08	-3.60259815356e-08	-3.92466443005e-08	1
0.0136573	1	-2.8583322537e-09	3.63148592845e-08	2.85833082412e-09	1	3.9366073109e-08	-3.63148593971e-08	-3.93660730052e-08	1
0.0137103	1	-2.89237087841e-09	3.66009581593e-08	2.89236943332e-09	1	3.94823643782e-08	-3.66009582735e-08	-3.94823642724e-08	1
0.0137632	1	-2.92689372933e-09	3.68824201492e-08	2.92689226893e-09	1	3.95961865343e-08	-3.68824202651e-08	-3.95961864264e-08	1
0.013816	1	-2.9608747671e-09	3.7163061006e-08	2.96087329144e-09	1	3.97076207905e-08	-3.71630611236e-08	-3.97076206805e-08	1
0.0138686	1	-2.99324142617e-09	3.7446006301e-08	2.99323993502e-09	1	3.98213500725e-08	-3.74460064202e-08	-3.98213499604e-08	1
0.013921	1	-3.02423542964e-09	3.77305984491e-08	3.02423392261e-09	1	3.99418257534e-08	-3.77305985699e-08	-3.99418256393e-08	1
0.0139733	1	-3.05491502028e-09	3.80107552011e-08	3.05491349741e-09	1	4.00640645827e-08	-3.80107553235e-08	-4.00640644665e-08	1
0.0140255	1	-3.08629848998e-09	3.82823071345e-08	3.08629695172e-09	1	4.01820809685e-08	-3.82823072585e-08	-4.01820808504e-08	1
0.0140775	1	-3.11914549888e-09	3.85499423202e-08	3.11914394532e-09	1	4.02999883522e-08	-3.85499424459e-08	-4.0299988232e-08	1
0.0141294	1	-3.15144600961e-09	3.88188186752e-08	3.15144444057e-09	1	4.04197027058e-08	-3.88188188026e-08	-4.04197025834e-08	1
0.0141811	1	-3.1815416602e-09	3.90910836953e-08	3.18154007563e-09	1	4.05352303684e-08	-3.90910838243e-08	-4.0535230244e-08	1
0.0142327	1	-3.21107058901e-09	3.93630344558e-08	3.21106898915e-09	1	4.06435654405e-08	-3.93630345863e-08	-4.06435653141e-08	1
0.0142842	1	-3.23988106137e-09	3.96309202695e-08	3.23987944659e-09	1	4.07455569124e-08	-3.96309204015e-08	-4.0745556784e-08	1
0.0143355	1	-3.26599323409e-09	3.9898100533e-08	3.26599160454e-09	1	4.08427836677e-08	-3.98981006664e-08	-4.08427835374e-08	1
0.0143867	1	-3.29010797491e-09	4.01677860531e-08	3.29010633069e-09	1	4.09336674091e-08	-4.01677861878e-08	-4.09336672769e-08	1
0.0144378	1	-3.31500359688e-09	4.04431559581e-08	3.31500193811e-09	1	4.10146982347e-08	-4.04431560941e-08	-4.10146981006e-08	1
0.0144888	1	-3.34235616787e-09	4.07284984244e-08	3.34235449451e-09	1	4.10857628688e-08	-4.07284985617e-08	-4.10857627327e-08	1
0.0145396	1	-3.37174578658e-09	4.10205937988e-08	3.37174409847e-09	1	4.11526537327e-08	-4.10205939376e-08	-4.11526535944e-08	1
0.0145903	1	-3.4023861232e-09	4.13094016154e-08	3.40238442031e-09	1	4.12226510138e-08	-4.13094017556e-08	-4.12226508732e-08	1
0.0146408	1	-3.43364744713e-09	4.15862854907e-08	3.43364572975e-09	1	4.12968414385e-08	-4.15862856325e-08	-4.12968412957e-08	1
0.0146913	1	-3.46541372234e-09	4.18473918729e-08	3.46541199107e-09	1	4.13710708816e-08	-4.18473920163e-08	-4.13710707366e-08	1
0.0147416	1	-3.4974701504e-09	4.2096209208e-08	3.49746840587e-09	1	4.1441597327e-08	-4.2096209353e-08	-4.14415971797e-08	1
0.0147918	1	-3.52911845863e-09	4.23397271804e-08	3.52911670112e-09	1	4.15097828372e-08	-4.23397273269e-08	-4.15097826878e-08	1
0.0148418	1	-3.56048659971e-09	4.25802926933e-08	3.56048482956e-09	1	4.1572188225e-08	-4.25802928414e-08	-4.15721880734e-08	1
0.0148918	1	-3.59099115019e-09	4.28187492586e-08	3.59098936783e-09	1	4.16256608386e-08	-4.28187494081e-08	-4.16256606848e-08	1
0.0149416	1	-3.61854589001e-09	4.30552623548e-08	3.61854409553e-09	1	4.16785426534e-08	-4.30552625057e-08	-4.16785424976e-08	1
0.0149913	1	-3.64248567879e-09	4.32910570055e-08	3.64248387205e-09	1	4.1734796795e-08	-4.32910571575e-08	-4.17347966374e-08	1
0.0150409	1	-3.66646551793e-09	4.35298570964e-08	3.66646369885e-09	1	4.17891939839e-08	-4.35298572496e-08	-4.17891938243e-08	1
0.0150904	1	-3.69318557121e-09	4.37715495073e-08	3.69318373986e-09	1	4.1838890432e-08	-4.37715496618e-08	-4.18388902704e-08	1
0.0151397	1	-3.72145952686e-09	4.40152551688e-08	3.72145768306e-09	1	4.18899940168e-08	-4.40152553247e-08	-4.1889993853e-08	1
0.0151889	1	-3.75057934139e-09	4.42615238455e-08	3.75057748464e-09	1	4.19495041924e-08	-4.42615240028e-08	-4.19495040264e-08	1
0.0152381	1	-3.780330928e-09	4.45068338149e-08	3.78032905806e-09	1	4.20147119405e-08	-4.45068339737e-08	-4.20147117723e-08	1
0.0152871	1	-3.81096102442e-09	4.47477771517e-08	3.81095914158e-09	1	4.20768135085e-08	-4.4747777312e-08	-4.2076813338e-08	1
0.015336	1	-3.84255096726e-09	4.49882564237e-08	3.84254907185e-09	1	4.21312103348e-08	-4.49882565856e-08	-4.21312101619e-08	1
0.0153848	1	-3.87582210123e-09	4.52333808601e-08	3.87582019339e-09	1	4.21776712466e-08	-4.52333810236e-08	-4.21776710713e-08	1
0.0154334	1	-3.91108838907e-09	4.54801267492e-08	3.91108646903e-09	1	4.22170944297e-08	-4.54801269143e-08	-4.22170942518e-08	1
0.015482	1	-3.94661661659e-09	4.5727257141e-08	3.94661468452e-09	1	4.22521352348e-08	-4.57272573077e-08	-4.22521350543e-08	1
0.0155305	1	-3.98125183644e-09	4.59797712194e-08	3.98124989224e-09	1	4.22838202068e-08	-4.59797713877e-08	-4.22838200238e-08	1
0.0155788	1	-4.0147221474e-09	4.62365313876e-08	4.0147201909e-09	1	4.23150836544e-08	-4.62365315575e-08	-4.23150834688e-08	1
0.0156271	1	-4.04750065041e-09	4.64925202126e-08	4.04749868141e-09	1	4.23509219534e-08	-4.6492520384e-08	-4.23509217652e-08	1
0.0156752	1	-4.07963952355e-09	4.67466202544e-08	4.07963754181e-09	1	4.23932320635e-08	-4.67466204273e-08	-4.23932318728e-08	1
0.0157232	1	-4.11200827582e-09	4.69986201913e-08	4.11200628127e-09	1	4.24385580386e-08	-4.69986203658e-08	-4.24385578453e-08	1
0.0157711	1	-4.14614385793e-09	4.72448426069e-08	4.14614185089e-09	1	4.24816094076e-08	-4.7244842783e-08	-4.24816092117e-08	1
0.0158189	1	-4.1815888667e-09	4.74847581934e-08	4.18158684752e-09	1	4.25227928701e-08	-4.74847583712e-08	-4.25227926715e-08	1
0.0158667	1	-4.21756884892e-09	4.77225623314e-08	4.21756681782e-09	1	4.25605840518e-08	-4.77225625109e-08	-4.25605838505e-08	1
0.0159143	1	-4.25492669593e-09	4.79576934304e-08	4.25492465334e-09	1	4.25914626419e-08	-4.79576936116e-08	-4.25914624378e-08	1
0.0159618	1	-4.29358530599e-09	4.81889394846e-08	4.29358325218e-09	1	4.26199462298e-08	-4.81889396676e-08	-4.26199460229e-08	1
0.0160092	1	-4.33212570629e-09	4.84141513465e-08	4.33212364135e-09	1	4.26515830738e-08	-4.84141515313e-08	-4.2651582864e-08	1
0.0160565	1	-4.37021089787e-09	4.8628788977e-08	4.37020882204e-09	1	4.26872910256e-08	-4.86287891636e-08	-4.26872908131e-08	1
0.0161037	1	-4.40848060339e-09	4.883487417e-08	4.40847851673e-09	1	4.27288062924e-08	-4.88348743584e-08	-4.27288060771e-08	1
0.0161508	1	-4.44827563348e-09	4.90360696041e-08	4.44827353589e-09	1	4.27763960147e-08	-4.90360697944e-08	-4.27763957966e-08	1
0.0161979	1	-4.48966324413e-09	4.92342523903e-08	4.48966113546e-09	1	4.2829451953e-08	-4.92342525826e-08	-4.28294517319e-08	1
0.0162448	1	-4.53213613048e-09	4.94336886199e-08	4.53213401037e-09	1	4.28879823915e-08	-4.94336888142e-08	-4.28879821674e-08	1
0.0162916	1	-4.57687938298e-09	4.96369861251e-08	4.57687725099e-09	1	4.29516758363e-08	-4.96369863217e-08	-4.29516756091e-08	1
0.0163384	1	-4.62378342486e-09	4.98406575826e-08	4.62378128057e-09	1	4.302286544e-08	-4.98406577816e-08	-4.30228652096e-08	1
0.016385	1	-4.66974633991e-09	5.00405070077e-08	4.66974418319e-09	1	4.30994282284e-08	-5.00405072089e-08	-4.30994279947e-08	1
0.0164316	1	-4.71443701402e-09	5.02373305717e-08	4.71443484499e-09	1	4.31758328526e-08	-5.02373307753e-08	-4.31758326157e-08	1
0.016478	1	-4.76109842056e-09	5.04312461464e-08	4.76109623945e-09	1	4.3249323657e-08	-5.04312463523e-08	-4.32493234169e-08	1
0.0165244	1	-4.80958293157e-09	5.06214012162e-08	4.80958073859e-09	1	4.33212403347e-08	-5.06214014245e-08	-4.33212400913e-08	1
0.0165707	1	-4.85853199262e-09	5.08109787255e-08	4.85852978754e-09	1	4.33978375845e-08	-5.08109789363e-08	-4.33978373376e-08	1
0.0166168	1	-4.90966686004e-09	5.10026086662e-08	4.90966464222e-09	1	4.34846246832e-08	-5.10026088797e-08	-4.34846244328e-08	1
0.0166629	1	-4.96498300174e-09	5.11933794385e-08	4.96498077069e-09	1	4.35807444654e-08	-5.11933796548e-08	-4.35807442112e-08	1
0.016709	1	-5.02507224871e-09	5.13852590751e-08	5.02507000418e-09	1	4.36804113244e-08	-5.13852592946e-08	-4.36804110662e-08	1
0.0167549	1	-5.09029744347e-09	5.15823856224e-08	5.09029518525e-09	1	4.37788953844e-08	-5.15823858453e-08	-4.37788951219e-08	1
0.0168007	1	-5.16111296667e-09	5.17793532829e-08	5.16111069479e-09	1	4.38761167378e-08	-5.17793535093e-08	-4.38761164705e-08	1
0.0168464	1	-5.23469136097e-09	5.19721779682e-08	5.23468907551e-09	1	4.39746173888e-08	-5.19721781984e-08	-4.39746171168e-08	1
0.0168921	1	-5.30791280189e-09	5.21619771295e-08	5.30791050279e-09	1	4.40761783019e-08	-5.21619773635e-08	-4.4076178025e-08	1
0.0169377	1	-5.38079816938e-09	5.23523936509e-08	5.3807958563e-09	1	4.41828715167e-08	-5.23523938886e-08	-4.4182871235e-08	1
0.0169832	1	-5.45322884186e-09	5.25476581773e-08	5.45322651439e-09	1	4.42926406827e-08	-5.25476584188e-08	-4.42926403961e-08	1
0.0170286	1	-5.52577937664e-09	5.27460861432e-08	5.5257770347e-09	1	4.44001507399e-08	-5.27460863886e-08	-4.44001504485e-08	1
0.0170739	1	-5.5993900415e-09	5.29429086825e-08	5.59938768517e-09	1	4.45069524221e-08	-5.29429089317e-08	-4.45069521257e-08	1
0.0171192	1	-5.67338766023e-09	5.31366523192e-08	5.67338528952e-09	1	4.46153941651e-08	-5.31366525723e-08	-4.46153938637e-08	1
0.0171643	1	-5.74675203968e-09	5.33274550698e-08	5.74674965466e-09	1	4.47241590339e-08	-5.33274553268e-08	-4.47241587275e-08	1
0.0172094	1	-5.81843036427e-09	5.3516677181e-08	5.81842796492e-09	1	4.48337165046e-08	-5.35166774419e-08	-4.48337161933e-08	1
0.0172544	1	-5.88696101228e-09	5.37083301549e-08	5.8869585984e-09	1	4.4944222902e-08	-5.37083304195e-08	-4.49442225858e-08	1
0.0172993	1	-5.95130315121e-09	5.39022035196e-08	5.95130072247e-09	1	4.50581910407e-08	-5.39022037877e-08	-4.50581907199e-08	1
0.0173442	1	-6.01222845562e-09	5.40932751155e-08	6.01222601168e-09	1	4.51800712651e-08	-5.40932753871e-08	-4.51800709399e-08	1
0.0173889	1	-6.07120106053e-09	5.42805582738e-08	6.07119860096e-09	1	4.53121757896e-08	-5.42805585489e-08	-4.53121754601e-08	1
0.0174336	1	-6.12870257689e-09	5.44688536087e-08	6.12870010099e-09	1	4.54552889007e-08	-5.44688538873e-08	-4.54552885669e-08	1
0.0174782	1	-6.18566512363e-09	5.46584930965e-08	6.18566263112e-09	1	4.56015920315e-08	-5.46584933786e-08	-4.56015916934e-08	1
0.0175227	1	-6.24382619473e-09	5.48430437103e-08	6.24382368618e-09	1	4.57405928996e-08	-5.48430439959e-08	-4.57405925572e-08	1
0.0175672	1	-6.30376446688e-09	5.50196702699e-08	6.30376194311e-09	1	4.5870290024e-08	-5.50196705591e-08	-4.58702896771e-08	1
0.0176116	1	-6.36650387267e-09	5.51884658168e-08	6.36650133426e-09	1	4.59951469298e-08	-5.51884661096e-08	-4.59951465785e-08	1
0.0176559	1	-6.43284850793e-09	5.53508018246e-08	6.43284595495e-09	1	4.61236091441e-08	-5.53508021213e-08	-4.61236087881e-08	1
0.0177001	1	-6.50042083961e-09	5.55129161446e-08	6.50041827156e-09	1	4.62604212647e-08	-5.55129164453e-08	-4.62604209038e-08	1
0.0177443	1	-6.56753875963e-09	5.56787696714e-08	6.56753617605e-09	1	4.64014059211e-08	-5.56787699761e-08	-4.64014055554e-08	1
0.0177884	1	-6.63409117557e-09	5.58483601813e-08	6.63408857627e-09	1	4.65419441256e-08	-5.58483604901e-08	-4.65419437551e-08	1
0.0178324	1	-6.69662379139e-09	5.60184613498e-08	6.69662117618e-09	1	4.66847711649e-08	-5.60184616624e-08	-4.66847707898e-08	1
0.0178763	1	-6.75336134643e-09	5.61864491875e-08	6.75335871501e-09	1	4.68336559138e-08	-5.61864495038e-08	-4.68336555344e-08	1
0.0179202	1	-6.80847750896e-09	5.63547137234e-08	6.80847486118e-09	1	4.6984203882e-08	-5.63547140432e-08	-4.69842034983e-08	1
0.017964	1	-6.86367123247e-09	5.65240289844e-08	6.86366856855e-09	1	4.71289989018e-08	-5.65240293078e-08	-4.71289985138e-08	1
0.0180077	1	-6.91879828435e-09	5.66971279206e-08	6.91879560463e-09	1	4.72637575314e-08	-5.66971282476e-08	-4.72637571392e-08	1
0.0180513	1	-6.97560523065e-09	5.6878868587e-08	6.97560253548e-09	1	4.73843563391e-08	-5.68788689175e-08	-4.73843559424e-08	1
0.0180949	1	-7.03427899593e-09	5.7070004156e-08	7.03427628565e-09	1	4.74904404674e-08	-5.70700044901e-08	-4.74904400659e-08	1
0.0181385	1	-7.09448793562e-09	5.72705320894e-08	7.09448521035e-09	1	4.75859263005e-08	-5.7270532427e-08	-4.75859258942e-08	1
0.0181819	1	-7.15607345984e-09	5.74791712257e-08	7.15607071962e-09	1	4.76733310424e-08	-5.74791715668e-08	-4.76733306311e-08	1
0.0182253	1	-7.21880013644e-09	5.7688372993e-08	7.21879738154e-09	1	4.77549004909e-08	-5.76883733377e-08	-4.77549000744e-08	1
0.0182686	1	-7.28293257852e-09	5.78885885917e-08	7.28292980953e-09	1	4.78331679017e-08	-5.788858894e-08	-4.78331674801e-08	1
0.0183118	1	-7.34885935551e-09	5.8078051415e-08	7.34885657274e-09	1	4.79144489386e-08	-5.80780517671e-08	-4.79144485118e-08	1
0.018355	1	-7.41549008177e-09	5.82643818142e-08	7.41548728489e-09	1	4.80032101671e-08	-5.82643821702e-08	-4.8003209735e-08	1
0.0183981	1	-7.48064999177e-09	5.84529760352e-08	7.4806471805e-09	1	4.80945795619e-08	-5.8452976395e-08	-4.80945791246e-08	1
0.0184412	1	-7.54593803267e-09	5.86363050102e-08	7.54593520699e-09	1	4.81898418948e-08	-5.86363053738e-08	-4.81898414524e-08	1
0.0184841	1	-7.61274204003e-09	5.88093612815e-08	7.61273919979e-09	1	4.82956754679e-08	-5.88093616492e-08	-4.82956750202e-08	1
0.018527	1	-7.67991027602e-09	5.89814622762e-08	7.67990742071e-09	1	4.84102606541e-08	-5.8981462648e-08	-4.84102602012e-08	1
0.0185699	1	-7.74825957272e-09	5.91604689983e-08	7.74825670176e-09	1	4.85284270025e-08	-5.91604693743e-08	-4.85284265441e-08	1
0.0186127	1	-7.81807576163e-09	5.93443484397e-08	7.81807287477e-09	1	4.86460313045e-08	-5.93443488201e-08	-4.86460308406e-08	1
0.0186554	1	-7.88940939834e-09	5.95271492812e-08	7.8894064957e-09	1	4.87617154646e-08	-5.95271496659e-08	-4.87617149949e-08	1
0.0186981	1	-7.96193854352e-09	5.97051886039e-08	7.96193562537e-09	1	4.88758802603e-08	-5.97051889931e-08	-4.8875879785e-08	1
0.0187406	1	-8.03482933908e-09	5.98792843307e-08	8.03482640553e-09	1	4.8991111497e-08	-5.98792847244e-08	-4.89911110159e-08	1
0.0187832	1	-8.10969820966e-09	6.00527632094e-08	8.10969526051e-09	1	4.91093618377e-08	-6.00527636077e-08	-4.91093613507e-08	1
0.0188256	1	-8.18767445316e-09	6.02268906527e-08	8.1876714886e-09	1	4.92232326238e-08	-6.02268910558e-08	-4.92232321307e-08	1
0.0188681	1	-8.26873595993e-09	6.04014865455e-08	8.26873298052e-09	1	4.93267166862e-08	-6.04014869534e-08	-4.93267161868e-08	1
0.0189104	1	-8.35152715099e-09	6.05788943702e-08	8.35152415717e-09	1	4.94201952177e-08	-6.0578894783e-08	-4.94201947118e-08	1
0.0189527	1	-8.43432886309e-09	6.07607583884e-08	8.43432585501e-09	1	4.95068867705e-08	-6.0760758806e-08	-4.9506886258e-08	1
0.0189949	1	-8.51719159759e-09	6.09477285168e-08	8.51718857526e-09	1	4.95888838374e-08	-6.09477289392e-08	-4.95888833183e-08	1
0.0190371	1	-8.59999775864e-09	6.11371569809e-08	8.59999472236e-09	1	4.96633991235e-08	-6.1137157408e-08	-4.96633985978e-08	1
0.0190792	1	-8.68173952367e-09	6.13209318139e-08	8.68173647411e-09	1	4.97311243037e-08	-6.13209322457e-08	-4.97311237713e-08	1
0.0191212	1	-8.76260406095e-09	6.14970435683e-08	8.76260099868e-09	1	4.97953467213e-08	-6.14970440047e-08	-4.97953461824e-08	1
0.0191632	1	-8.84343769566e-09	6.16679861391e-08	8.84343462104e-09	1	4.9857580818e-08	-6.166798658e-08	-4.98575802727e-08	1
0.0192051	1	-8.92445128466e-09	6.1837611998e-08	8.92444819761e-09	1	4.99218903979e-08	-6.18376124435e-08	-4.9921889846e-08	1
0.019247	1	-9.00518245073e-09	6.20098905334e-08	9.00517935072e-09	1	4.99920682075e-08	-6.20098909836e-08	-4.99920676491e-08	1
0.0192888	1	-9.0832836693e-09	6.21824984646e-08	9.08328055596e-09	1	5.00676825146e-08	-6.21824989194e-08	-5.00676819498e-08	1
0.0193305	1	-9.15768164177e-09	6.23539629895e-08	9.15767851483e-09	1	5.01482903159e-08	-6.23539634487e-08	-5.01482897449e-08	1
0.0193722	1	-9.2299780303e-09	6.25262302514e-08	9.22997488928e-09	1	5.02352741763e-08	-6.25262307151e-08	-5.02352735992e-08	1
0.0194139	1	-9.30058270012e-09	6.26977954457e-08	9.30057954452e-09	1	5.03304152189e-08	-6.26977959138e-08	-5.03304146358e-08	1
0.0194555	1	-9.37009297178e-09	6.28632118877e-08	9.37008980125e-09	1	5.04353911455e-08	-6.28632123603e-08	-5.04353905565e-08	1
0.019497	1	-9.44049754537e-09	6.30186319417e-08	9.44049435996e-09	1	5.05470836429e-08	-6.30186324189e-08	-5.05470830479e-08	1
0.0195385	1	-9.51387411577e-09	6.3170182716e-08	9.51387091585e-09	1	5.065565246e-08	-6.31701831979e-08	-5.0655651859e-08	1
0.0195799	1	-9.59192580564e-09	6.33247057394e-08	9.59192259167e-09	1	5.07536990381e-08	-6.33247062263e-08	-5.07536984307e-08	1
0.0196213	1	-9.67455326486e-09	6.34800738436e-08	9.67455003748e-09	1	5.08408251883e-08	-6.34800743355e-08	-5.08408245742e-08	1
0.0196626	1	-9.76080311715e-09	6.36358876824e-08	9.76079987681e-09	1	5.09199214042e-08	-6.36358881794e-08	-5.09199207831e-08	1
0.0197038	1	-9.84811057065e-09	6.37932112182e-08	9.8481073176e-09	1	5.09937337371e-08	-6.37932117204e-08	-5.09937331088e-08	1
0.019745	1	-9.93253894301e-09	6.39487111864e-08	9.93253567765e-09	1	5.10622205036e-08	-6.39487116936e-08	-5.10622198684e-08	1
0.0197862	1	-1.00136960378e-08	6.41009585489e-08	1.00136927607e-08	1	5.11229451244e-08	-6.41009590608e-08	-5.11229444825e-08	1
0.0198273	1	-1.00929205555e-08	6.42523701553e-08	1.00929172674e-08	1	5.11760476277e-08	-6.42523706719e-08	-5.11760469792e-08	1
0.0198683	1	-1.01699980148e-08	6.44038777985e-08	1.01699947158e-08	1	5.12238462616e-08	-6.44038783194e-08	-5.12238456066e-08	1
0.0199093	1	-1.02445545523e-08	6.45559481406e-08	1.02445512427e-08	1	5.12660505473e-08	-6.45559486658e-08	-5.12660498859e-08	1
0.0199175	1	-1.02592150391e-08	6.4586537816e-08	1.02592117275e-08	1	5.12736774935e-08	-6.4586538342e-08	-5.12736768309e-08	1
0.0199278	1	-1.02778726946e-08	6.46251160237e-08	1.02778693804e-08	1	5.12827865801e-08	-6.46251165508e-08	-5.12827859159e-08	1
0.0199399	1	-1.02999716222e-08	6.46702083209e-08	1.02999683051e-08	1	5.12928131359e-08	-6.46702088492e-08	-5.12928124698e-08	1
0.0199549	1	-1.03277968114e-08	6.47271929505e-08	1.03277934906e-08	1	5.13045849032e-08	-6.47271934803e-08	-5.13045842347e-08	1
0.0199699	1	-1.03556283954e-08	6.47854516771e-08	1.03556250709e-08	1	5.13159401609e-08	-6.47854522085e-08	-5.131593949e-08	1
0.019985	1	-1.03833846126e-08	6.48443072832e-08	1.03833812843e-08	1	5.13280781836e-08	-6.48443078162e-08	-5.13280775103e-08	1
0.02	1	-1.04110848751e-08	6.49024267369e-08	1.04110815429e-08	1	5.13418270734e-08	-6.49024272714e-08	-5.13418263977e-08	1
0.0200181	1	-1.04443663953e-08	6.49717637158e-08	1.04443630584e-08	1	5.13597554832e-08	-6.49717642522e-08	-5.13597548047e-08	1
0.0200397	1	-1.04845229519e-08	6.50564269499e-08	1.04845196092e-08	1	5.13815529235e-08	-6.50564274887e-08	-5.13815522414e-08	1
0.0200654	1	-1.05324480403e-08	6.51579467111e-08	1.05324446908e-08	1	5.14062364858e-08	-6.51579472526e-08	-5.14062357995e-08	1
0.0200953	1	-1.05884972595e-08	6.52728402087e-08	1.05884939024e-08	1	5.14320089559e-08	-6.52728407533e-08	-5.14320082647e-08	1
0.0201292	1	-1.06529435761e-08	6.53995180053e-08	1.06529402108e-08	1	5.14569850458e-08	-6.53995185534e-08	-5.14569843491e-08	1
0.0201672	1	-1.07239008535e-08	6.55408609347e-08	1.07238974796e-08	1	5.14780620732e-08	-6.55408614868e-08	-5.14780613704e-08	1
0.0202078	1	-1.07977329096e-08	6.56943559822e-08	1.07977295268e-08	1	5.14941533859e-08	-6.56943565382e-08	-5.14941526766e-08	1
0.0202484	1	-1.08717470256e-08	6.58458652154e-08	1.0871743634e-08	1	5.15080027424e-08	-6.58458657754e-08	-5.15080020265e-08	1
0.0202891	1	-1.09474171396e-08	6.5992012921e-08	1.09474137396e-08	1	5.15203116936e-08	-6.5992013485e-08	-5.15203109712e-08	1
0.0203295	1	-1.10232852934e-08	6.61359208792e-08	1.10232818853e-08	1	5.1531891491e-08	-6.61359214473e-08	-5.1531890762e-08	1
0.02037	1	-1.10985005508e-08	6.62815198725e-08	1.1098497134e-08	1	5.15492871785e-08	-6.62815204446e-08	-5.15492864429e-08	1
0.0204104	1	-1.11730987661e-08	6.64283950461e-08	1.11730953401e-08	1	5.15747151898e-08	-6.64283956223e-08	-5.15747144476e-08	1
0.0204507	1	-1.12456356195e-08	6.65755877415e-08	1.12456321842e-08	1	5.16001603593e-08	-6.65755883218e-08	-5.16001596106e-08	1
0.020491	1	-1.13152296055e-08	6.67232597028e-08	1.13152261613e-08	1	5.16197589229e-08	-6.67232602869e-08	-5.16197581679e-08	1
0.0205313	1	-1.13832351168e-08	6.6868784571e-08	1.13832316639e-08	1	5.16362534746e-08	-6.68687851588e-08	-5.16362527134e-08	1
0.0205716	1	-1.14509660997e-08	6.7010438315e-08	1.14509626382e-08	1	5.16557492728e-08	-6.70104389065e-08	-5.16557485055e-08	1
0.0206117	1	-1.15184202117e-08	6.71486209518e-08	1.15184167414e-08	1	5.16803455307e-08	-6.71486215471e-08	-5.16803447573e-08	1
0.0206519	1	-1.15871158075e-08	6.72878924138e-08	1.15871123283e-08	1	5.17069223807e-08	-6.72878930129e-08	-5.1706921601e-08	1
0.020692	1	-1.16591705066e-08	6.74302357863e-08	1.16591670182e-08	1	5.17332386314e-08	-6.74302363895e-08	-5.17332378452e-08	1
0.0207319	1	-1.17341937208e-08	6.75701633238e-08	1.17341902234e-08	1	5.17605666999e-08	-6.75701639311e-08	-5.1760565907e-08	1
0.0207719	1	-1.18095331138e-08	6.77060367052e-08	1.18095296073e-08	1	5.17900019358e-08	-6.77060373169e-08	-5.17900011362e-08	1
0.0208118	1	-1.18842685344e-08	6.78409789918e-08	1.18842650188e-08	1	5.18211143066e-08	-6.78409796077e-08	-5.18211135004e-08	1
0.0208518	1	-1.19605913211e-08	6.79781446978e-08	1.19605877962e-08	1	5.18531253577e-08	-6.7978145318e-08	-5.18531245446e-08	1
0.0208915	1	-1.20385326526e-08	6.81178057665e-08	1.20385291183e-08	1	5.18859497591e-08	-6.81178063911e-08	-5.18859489391e-08	1
0.0209313	1	-1.21157855293e-08	6.82593715987e-08	1.21157819853e-08	1	5.19196356745e-08	-6.82593722277e-08	-5.19196348475e-08	1
0.0209711	1	-1.21905514859e-08	6.8400664931e-08	1.21905479323e-08	1	5.19531372532e-08	-6.84006655643e-08	-5.19531364194e-08	1
0.0210109	1	-1.22646815028e-08	6.85415384744e-08	1.22646779397e-08	1	5.19849825319e-08	-6.8541539112e-08	-5.19849816912e-08	1
0.0210505	1	-1.23390072457e-08	6.8682993866e-08	1.23390036734e-08	1	5.20117638187e-08	-6.86829945078e-08	-5.20117629712e-08	1
0.0210901	1	-1.24128974045e-08	6.88246078665e-08	1.24128938233e-08	1	5.20337485923e-08	-6.88246085124e-08	-5.2033747738e-08	1
0.0211297	1	-1.24885680584e-08	6.89640946987e-08	1.24885644684e-08	1	5.20558224229e-08	-6.89640953488e-08	-5.20558215617e-08	1
0.0211693	1	-1.25672360885e-08	6.90997498902e-08	1.25672324899e-08	1	5.20778883866e-08	-6.90997505447e-08	-5.20778875182e-08	1
0.0212087	1	-1.26444821676e-08	6.92319342583e-08	1.2644478561e-08	1	5.20955088204e-08	-6.9231934917e-08	-5.2095507945e-08	1
0.0212481	1	-1.27187401551e-08	6.93611571421e-08	1.27187365408e-08	1	5.21083852559e-08	-6.93611578049e-08	-5.21083843737e-08	1
0.0212875	1	-1.27928491021e-08	6.94850388249e-08	1.27928454806e-08	1	5.2119466405e-08	-6.94850394917e-08	-5.21194655161e-08	1
0.021327	1	-1.28677797782e-08	6.96051117068e-08	1.28677761496e-08	1	5.21312778658e-08	-6.96051123776e-08	-5.21312769701e-08	1
0.0213662	1	-1.29421685439e-08	6.97248485732e-08	1.29421649081e-08	1	5.21450916174e-08	-6.9724849248e-08	-5.21450907151e-08	1
0.0214054	1	-1.30167611301e-08	6.98471179187e-08	1.30167574868e-08	1	5.21607428713e-08	-6.98471185977e-08	-5.21607419622e-08	1
0.0214447	1	-1.30923912741e-08	6.99720371618e-08	1.30923876231e-08	1	5.21782197579e-08	-6.99720378449e-08	-5.21782188418e-08	1
0.0214839	1	-1.31691928087e-08	7.00999481893e-08	1.31691891495e-08	1	5.21994846701e-08	-7.00999488767e-08	-5.21994837469e-08	1
0.0215232	1	-1.32472800656e-08	7.0227986993e-08	1.3247276398e-08	1	5.22242610735e-08	-7.02279876849e-08	-5.22242601432e-08	1
0.0215622	1	-1.33259371675e-08	7.03511097377e-08	1.33259334916e-08	1	5.22503403918e-08	-7.0351110434e-08	-5.22503394543e-08	1
0.0216013	1	-1.34048531795e-08	7.04723165941e-08	1.34048494954e-08	1	5.2277192134e-08	-7.04723172948e-08	-5.22771911893e-08	1
0.0216404	1	-1.34845438758e-08	7.05956163531e-08	1.34845401832e-08	1	5.23062157622e-08	-7.05956170585e-08	-5.23062148102e-08	1
0.0216794	1	-1.35651987084e-08	7.07201773542e-08	1.35651950069e-08	1	5.23401080061e-08	-7.07201780642e-08	-5.23401070467e-08	1
0.0217183	1	-1.36461338998e-08	7.08439057454e-08	1.3646130189e-08	1	5.23790493976e-08	-7.08439064601e-08	-5.23790484308e-08	1
0.0217572	1	-1.37279965477e-08	7.09701464553e-08	1.37279928272e-08	1	5.24226441568e-08	-7.0970147175e-08	-5.24226431825e-08	1
0.0217961	1	-1.38101167119e-08	7.1100317193e-08	1.38101129812e-08	1	5.24703622716e-08	-7.11003179176e-08	-5.24703612897e-08	1
0.021835	1	-1.38912111733e-08	7.12315739213e-08	1.38912074322e-08	1	5.25199690911e-08	-7.12315746509e-08	-5.25199681016e-08	1
0.0218738	1	-1.39709235581e-08	7.13613295449e-08	1.39709198066e-08	1	5.2571354436e-08	-7.13613302793e-08	-5.2571353439e-08	1
0.0219125	1	-1.40484580348e-08	7.1489193488e-08	1.40484542724e-08	1	5.26291750231e-08	-7.14891942273e-08	-5.26291740188e-08	1
0.0219512	1	-1.41253093739e-08	7.16179705201e-08	1.41253056001e-08	1	5.26948288513e-08	-7.16179712644e-08	-5.26948278397e-08	1
0.0219899	1	-1.42035967882e-08	7.17494594417e-08	1.42035930025e-08	1	5.27625184052e-08	-7.17494601911e-08	-5.27625173861e-08	1
0.0220286	1	-1.42826398063e-08	7.18858414427e-08	1.42826360085e-08	1	5.28310505192e-08	-7.18858421973e-08	-5.28310494925e-08	1
0.0220673	1	-1.43620901575e-08	7.20265523612e-08	1.43620863469e-08	1	5.29046180056e-08	-7.2026553121e-08	-5.29046169712e-08	1
0.0221058	1	-1.44437661042e-08	7.21676377824e-08	1.44437622804e-08	1	5.29851719877e-08	-7.21676385477e-08	-5.29851709454e-08	1
0.0221443	1	-1.45279948707e-08	7.23081850935e-08	1.45279910331e-08	1	5.30727915115e-08	-7.23081858646e-08	-5.3072790461e-08	1
0.0221828	1	-1.46120791575e-08	7.24500489458e-08	1.46120753057e-08	1	5.31644830146e-08	-7.24500497226e-08	-5.3164481956e-08	1
0.0222214	1	-1.46961791634e-08	7.25948787391e-08	1.46961752971e-08	1	5.32588939574e-08	-7.25948795218e-08	-5.32588928905e-08	1
0.0222599	1	-1.478077637e-08	7.27382905017e-08	1.47807724887e-08	1	5.33599803991e-08	-7.27382912904e-08	-5.3359979324e-08	1
0.0222982	1	-1.48632785807e-08	7.28743665872e-08	1.48632746841e-08	1	5.34699826598e-08	-7.28743673819e-08	-5.34699815766e-08	1
0.0223365	1	-1.4944283818e-08	7.30049890513e-08	1.49442799058e-08	1	5.3589093983e-08	-7.30049898521e-08	-5.3589092892e-08	1
0.0223748	1	-1.50248514221e-08	7.31328266413e-08	1.50248474937e-08	1	5.37157068854e-08	-7.31328274484e-08	-5.37157057866e-08	1
0.0224131	1	-1.51050525136e-08	7.3256659846e-08	1.51050485689e-08	1	5.3846690399e-08	-7.32566606594e-08	-5.38466892925e-08	1
0.0224514	1	-1.51864375376e-08	7.33757252638e-08	1.51864335768e-08	1	5.39787496534e-08	-7.33757260835e-08	-5.39787485391e-08	1
0.0224898	1	-1.5269784372e-08	7.34913721677e-08	1.52697803953e-08	1	5.41113578182e-08	-7.3491372994e-08	-5.4111356696e-08	1
0.0225279	1	-1.5353886894e-08	7.36048061761e-08	1.53538829013e-08	1	5.42460277532e-08	-7.36048070089e-08	-5.42460266231e-08	1
0.022566	1	-1.54396402503e-08	7.37186364307e-08	1.54396362414e-08	1	5.43820288344e-08	-7.37186372703e-08	-5.43820276963e-08	1
0.0226041	1	-1.55281777904e-08	7.38329670195e-08	1.55281737653e-08	1	5.451699717e-08	-7.38329678661e-08	-5.45169960235e-08	1
0.0226423	1	-1.56176965833e-08	7.39475766208e-08	1.56176925419e-08	1	5.46526911489e-08	-7.39475774744e-08	-5.4652689994e-08	1
0.0226804	1	-1.57057315796e-08	7.40649047976e-08	1.57057275215e-08	1	5.47910574143e-08	-7.40649056581e-08	-5.4791056251e-08	1
0.0227185	1	-1.57908553915e-08	7.418489264e-08	1.57908513165e-08	1	5.49303449262e-08	-7.41848935074e-08	-5.49303437547e-08	1
0.0227564	1	-1.58709718461e-08	7.43040426402e-08	1.58709677544e-08	1	5.50672306136e-08	-7.43040435142e-08	-5.50672294343e-08	1
0.0227944	1	-1.59485118635e-08	7.44249279337e-08	1.59485077551e-08	1	5.52018739265e-08	-7.44249288141e-08	-5.52018727395e-08	1
0.0228323	1	-1.60261584916e-08	7.45481926983e-08	1.60261543665e-08	1	5.53346726732e-08	-7.45481935851e-08	-5.53346714784e-08	1
0.0228702	1	-1.6103754655e-08	7.46695564503e-08	1.61037505132e-08	1	5.54689944446e-08	-7.46695573435e-08	-5.54689932422e-08	1
0.0229081	1	-1.61822678164e-08	7.47883701567e-08	1.61822636575e-08	1	5.56090421988e-08	-7.47883710566e-08	-5.56090409885e-08	1
0.0229461	1	-1.6261323947e-08	7.49070637469e-08	1.62613197704e-08	1	5.57561741419e-08	-7.49070646536e-08	-5.57561729238e-08	1
0.0229838	1	-1.63379981858e-08	7.50265833538e-08	1.63379939911e-08	1	5.59096224467e-08	-7.50265842672e-08	-5.59096212209e-08	1
0.0230215	1	-1.6412735152e-08	7.51472909925e-08	1.64127309385e-08	1	5.60708793895e-08	-7.51472919128e-08	-5.60708781561e-08	1
0.0230592	1	-1.64859301061e-08	7.52677396286e-08	1.6485925873e-08	1	5.62399727764e-08	-7.52677405558e-08	-5.62399715355e-08	1
0.0230969	1	-1.65576715279e-08	7.53858678837e-08	1.6557667275e-08	1	5.64147865903e-08	-7.53858688178e-08	-5.64147853421e-08	1
0.0231347	1	-1.66292610981e-08	7.55010643822e-08	1.66292568254e-08	1	5.65916060179e-08	-7.55010653233e-08	-5.65916047624e-08	1
0.0231724	1	-1.67003876756e-08	7.56168943141e-08	1.67003833828e-08	1	5.67700128524e-08	-7.56168952622e-08	-5.67700115896e-08	1
0.0232099	1	-1.67710258188e-08	7.57348697016e-08	1.67710215055e-08	1	5.6952554463e-08	-7.57348706568e-08	-5.69525531928e-08	1
0.0232474	1	-1.68440936145e-08	7.58536458103e-08	1.68440892802e-08	1	5.71400484723e-08	-7.58536467728e-08	-5.71400471946e-08	1
0.0232849	1	-1.69204338846e-08	7.59717878568e-08	1.6920429529e-08	1	5.73318828996e-08	-7.59717888269e-08	-5.73318816141e-08	1
0.0233224	1	-1.69984811249e-08	7.60873559531e-08	1.69984767479e-08	1	5.75264364892e-08	-7.60873569309e-08	-5.75264351958e-08	1
0.02336	1	-1.70769309313e-08	7.61992277278e-08	1.70769265331e-08	1	5.77202113838e-08	-7.61992287135e-08	-5.77202100825e-08	1
0.0233975	1	-1.71554239873e-08	7.63087045923e-08	1.71554195678e-08	1	5.79155299189e-08	-7.63087055859e-08	-5.79155286098e-08	1
0.023435	1	-1.72339949209e-08	7.64154889755e-08	1.72339904799e-08	1	5.81168010119e-08	-7.64154899771e-08	-5.8116799695e-08	1
0.0234723	1	-1.73124334837e-08	7.6518639166e-08	1.73124290208e-08	1	5.83249200031e-08	-7.65186401757e-08	-5.83249186784e-08	1
0.0235096	1	-1.7389501075e-08	7.66189515637e-08	1.73894965898e-08	1	5.85391389315e-08	-7.66189525817e-08	-5.85391375991e-08	1
0.0235469	1	-1.74629953041e-08	7.67163720324e-08	1.74629907964e-08	1	5.87580690233e-08	-7.67163730585e-08	-5.87580676836e-08	1
0.0235842	1	-1.75323784526e-08	7.68097846861e-08	1.75323739221e-08	1	5.89841845674e-08	-7.68097857202e-08	-5.89841832207e-08	1
0.0236215	1	-1.75980508802e-08	7.68983167931e-08	1.75980463266e-08	1	5.92160490463e-08	-7.68983178352e-08	-5.9216047693e-08	1
0.0236588	1	-1.76607632551e-08	7.69835832068e-08	1.76607586782e-08	1	5.94526182261e-08	-7.69835842568e-08	-5.94526168665e-08	1
0.0236961	1	-1.77202034777e-08	7.70672995279e-08	1.77201988771e-08	1	5.96961372119e-08	-7.70673005857e-08	-5.96961358462e-08	1
0.0237334	1	-1.77757140408e-08	7.7151856841e-08	1.7775709416e-08	1	5.99433470349e-08	-7.71518579066e-08	-5.99433456634e-08	1
0.0237705	1	-1.78291665495e-08	7.7238417054e-08	1.78291619006e-08	1	6.01891949781e-08	-7.72384181272e-08	-6.0189193601e-08	1
0.0238076	1	-1.78838206409e-08	7.73279044122e-08	1.78838159671e-08	1	6.04402725702e-08	-7.73279054931e-08	-6.04402711873e-08	1
0.0238446	1	-1.79394440059e-08	7.74219868457e-08	1.79394393064e-08	1	6.07007767046e-08	-7.74219879346e-08	-6.07007753156e-08	1
0.0238817	1	-1.79948691808e-08	7.75184895162e-08	1.79948644546e-08	1	6.09683168334e-08	-7.75184906133e-08	-6.09683154385e-08	1
0.0239188	1	-1.80492702627e-08	7.76122246698e-08	1.80492655098e-08	1	6.1239889292e-08	-7.76122257751e-08	-6.12398878911e-08	1
0.0239559	1	-1.8101723168e-08	7.77029035694e-08	1.81017183883e-08	1	6.15116051363e-08	-7.77029046829e-08	-6.15116037298e-08	1
0.023993	1	-1.81524423588e-08	7.77939427231e-08	1.81524375525e-08	1	6.17818456656e-08	-7.77939438446e-08	-6.17818442534e-08	1
0.02403	1	-1.82026844015e-08	7.78863892661e-08	1.82026795685e-08	1	6.20520678583e-08	-7.78863903956e-08	-6.20520664406e-08	1
0.0240669	1	-1.8253656359e-08	7.79763388443e-08	1.82536514993e-08	1	6.23237912053e-08	-7.79763399819e-08	-6.2323789782e-08	1
0.0241037	1	-1.83066872507e-08	7.80618469854e-08	1.83066823638e-08	1	6.26033475377e-08	-7.80618481315e-08	-6.26033461086e-08	1
0.0241406	1	-1.83620432931e-08	7.81445754046e-08	1.83620383785e-08	1	6.28904179815e-08	-7.81445765594e-08	-6.28904165467e-08	1
0.0241774	1	-1.8419206448e-08	7.82268871511e-08	1.84192015053e-08	1	6.31839219395e-08	-7.82268883149e-08	-6.31839204986e-08	1
0.0242143	1	-1.84765306984e-08	7.8310504534e-08	1.84765257268e-08	1	6.34863424546e-08	-7.8310505707e-08	-6.34863410077e-08	1
0.0242511	1	-1.85334541221e-08	7.83937801127e-08	1.85334491207e-08	1	6.37982294596e-08	-7.83937812951e-08	-6.37982280067e-08	1
0.024288	1	-1.85899828898e-08	7.84731550991e-08	1.85899778583e-08	1	6.41173975706e-08	-7.8473156291e-08	-6.41173961117e-08	1
0.0243248	1	-1.86457786701e-08	7.85498471967e-08	1.86457736083e-08	1	6.44410574031e-08	-7.85498483982e-08	-6.44410559385e-08	1
0.0243615	1	-1.87017095332e-08	7.86271074647e-08	1.87017044408e-08	1	6.47667841625e-08	-7.8627108676e-08	-6.4766782692e-08	1
0.0243981	1	-1.87575550148e-08	7.87100334298e-08	1.87575498909e-08	1	6.50983743618e-08	-7.87100346509e-08	-6.50983728854e-08	1
0.0244347	1	-1.88108346334e-08	7.87997358192e-08	1.88108294772e-08	1	6.54337629356e-08	-7.87997370501e-08	-6.54337614533e-08	1
0.0244713	1	-1.88619870557e-08	7.88932318876e-08	1.88619818668e-08	1	6.57704971821e-08	-7.88932331282e-08	-6.5770495694e-08	1
0.0245079	1	-1.89135292741e-08	7.89900697445e-08	1.89135240519e-08	1	6.61115649357e-08	-7.89900709949e-08	-6.61115634417e-08	1
0.0245445	1	-1.89664953855e-08	7.90913008203e-08	1.89664901293e-08	1	6.64577795181e-08	-7.90913020808e-08	-6.6457778018e-08	1
0.0245811	1	-1.90200510345e-08	7.91967797673e-08	1.90200457437e-08	1	6.68068680253e-08	-7.91967810379e-08	-6.6806866519e-08	1
0.0246178	1	-1.9073713916e-08	7.93034108874e-08	1.90737085902e-08	1	6.71576793519e-08	-7.93034121684e-08	-6.71576778393e-08	1
0.0246544	1	-1.91274499236e-08	7.94074097661e-08	1.91274445631e-08	1	6.75072200691e-08	-7.94074110574e-08	-6.75072185503e-08	1
0.024691	1	-1.91805147131e-08	7.95086565686e-08	1.91805093182e-08	1	6.78535684573e-08	-7.95086578701e-08	-6.78535669322e-08	1
0.0247274	1	-1.92338445048e-08	7.9609883893e-08	1.92338390756e-08	1	6.81977094084e-08	-7.96098852047e-08	-6.81977078772e-08	1
0.0247637	1	-1.92893515369e-08	7.97140085572e-08	1.92893460728e-08	1	6.8546124083e-08	-7.97140098794e-08	-6.85461225454e-08	1
0.0248001	1	-1.93451991829e-08	7.98192470129e-08	1.93451936833e-08	1	6.88996572574e-08	-7.98192483458e-08	-6.88996557133e-08	1
0.0248364	1	-1.9400673837e-08	7.99226136866e-08	1.94006683017e-08	1	6.92577093223e-08	-7.99226150302e-08	-6.92577077717e-08	1
0.0248728	1	-1.94568883173e-08	8.00249960726e-08	1.94568827459e-08	1	6.96203799334e-08	-8.00249974272e-08	-6.96203783763e-08	1
0.0249092	1	-1.95129806011e-08	8.01302578265e-08	1.95129749929e-08	1	6.99886287883e-08	-8.01302591922e-08	-6.99886272247e-08	1
0.0249455	1	-1.95684509258e-08	8.02396884662e-08	1.956844528e-08	1	7.03624277646e-08	-8.02396898431e-08	-7.03624261944e-08	1
0.0249819	1	-1.96233544543e-08	8.0352275455e-08	1.962334877e-08	1	7.07424801759e-08	-8.03522768432e-08	-7.07424785992e-08	1
0.0250183	1	-1.9675850814e-08	8.0468739617e-08	1.96758450903e-08	1	7.11295141677e-08	-8.04687410165e-08	-7.11295125844e-08	1
0.0250546	1	-1.97254150806e-08	8.05911474931e-08	1.97254093167e-08	1	7.15192811234e-08	-8.05911489038e-08	-7.15192795337e-08	1
0.025091	1	-1.97747199053e-08	8.07172727305e-08	1.97747141011e-08	1	7.1907744547e-08	-8.07172741525e-08	-7.19077429509e-08	1
0.0251271	1	-1.98256771481e-08	8.08416397231e-08	1.98256713039e-08	1	7.22924132824e-08	-8.08416411564e-08	-7.22924116796e-08	1
0.0251632	1	-1.98767359475e-08	8.09627431848e-08	1.98767300634e-08	1	7.26766502577e-08	-8.09627446293e-08	-7.26766486484e-08	1
0.0251993	1	-1.99252457285e-08	8.10793667434e-08	1.99252398046e-08	1	7.30626513942e-08	-8.10793681991e-08	-7.30626497787e-08	1
0.0252354	1	-1.99718429362e-08	8.11909962483e-08	1.99718369723e-08	1	7.34550081218e-08	-8.11909977153e-08	-7.34550065003e-08	1
0.0252715	1	-2.00180646023e-08	8.12981969344e-08	2.0018058598e-08	1	7.38564525977e-08	-8.12981984129e-08	-7.38564509703e-08	1
0.0253076	1	-2.0065176252e-08	8.14029754491e-08	2.00651702066e-08	1	7.42642498301e-08	-8.14029769393e-08	-7.42642481967e-08	1
0.0253437	1	-2.01133890972e-08	8.15054228312e-08	2.0113383011e-08	1	7.46726917398e-08	-8.15054243331e-08	-7.46726901005e-08	1
0.0253797	1	-2.01619907509e-08	8.16028439354e-08	2.01619846241e-08	1	7.50808492181e-08	-8.16028454492e-08	-7.50808475728e-08	1
0.0254158	1	-2.02111836573e-08	8.16948838396e-08	2.02111774901e-08	1	7.54910037301e-08	-8.16948853654e-08	-7.5491002079e-08	1
0.0254519	1	-2.02610902269e-08	8.17844700425e-08	2.02610840194e-08	1	7.59004913459e-08	-8.17844715803e-08	-7.59004896888e-08	1
0.025488	1	-2.03104592648e-08	8.18737041668e-08	2.03104530173e-08	1	7.63056521724e-08	-8.18737057166e-08	-7.63056505095e-08	1
0.0255241	1	-2.03577282305e-08	8.19640506957e-08	2.03577219431e-08	1	7.6709173992e-08	-8.19640522574e-08	-7.67091723234e-08	1
0.0255599	1	-2.04024266943e-08	8.20556813861e-08	2.04024203669e-08	1	7.71103650456e-08	-8.20556829594e-08	-7.71103633715e-08	1
0.0255957	1	-2.04453197339e-08	8.21491940055e-08	2.04453133666e-08	1	7.75095153374e-08	-8.21491955902e-08	-7.75095136578e-08	1
0.0256316	1	-2.04858995745e-08	8.22452193678e-08	2.04858931672e-08	1	7.79054580541e-08	-8.22452209638e-08	-7.79054563693e-08	1
0.0256674	1	-2.05244667567e-08	8.23444344981e-08	2.0524460309e-08	1	7.83011304314e-08	-8.23444361052e-08	-7.83011287413e-08	1
0.0257032	1	-2.05617457337e-08	8.24453834479e-08	2.05617392453e-08	1	7.86987315118e-08	-8.24453850661e-08	-7.86987298166e-08	1
0.025739	1	-2.0598221376e-08	8.25451298297e-08	2.05982148466e-08	1	7.9100480953e-08	-8.2545131459e-08	-7.91004792527e-08	1
0.0257748	1	-2.06345828781e-08	8.26422500448e-08	2.06345763075e-08	1	7.95065757622e-08	-8.26422516854e-08	-7.95065740569e-08	1
0.0258106	1	-2.06704314543e-08	8.27382081173e-08	2.06704248422e-08	1	7.99156164082e-08	-8.27382097692e-08	-7.99156146979e-08	1
0.0258464	1	-2.07068509601e-08	8.28321154931e-08	2.07068443061e-08	1	8.03318998222e-08	-8.28321171566e-08	-8.03318981071e-08	1
0.0258822	1	-2.07460380259e-08	8.29209743376e-08	2.07460313292e-08	1	8.07599936151e-08	-8.29209760131e-08	-8.07599918948e-08	1
0.025918	1	-2.0787169174e-08	8.30066176044e-08	2.07871624345e-08	1	8.11922217007e-08	-8.30066192921e-08	-8.11922199752e-08	1
0.0259538	1	-2.08278800278e-08	8.30887010752e-08	2.08278732463e-08	1	8.1617200457e-08	-8.30887027751e-08	-8.16171987265e-08	1
0.0259896	1	-2.08673921729e-08	8.31661437882e-08	2.08673853504e-08	1	8.2034985193e-08	-8.31661455001e-08	-8.20349834575e-08	1
0.0260254	1	-2.09065122803e-08	8.32437056871e-08	2.09065054167e-08	1	8.24515398485e-08	-8.32437074109e-08	-8.24515381082e-08	1
0.0260609	1	-2.09459069548e-08	8.33209802587e-08	2.09459000503e-08	1	8.2865868524e-08	-8.33209819944e-08	-8.28658667788e-08	1
0.0260964	1	-2.09865074146e-08	8.33953816334e-08	2.09865004692e-08	1	8.32821349399e-08	-8.33953833812e-08	-8.32821331897e-08	1
0.0261319	1	-2.10284221894e-08	8.34673186246e-08	2.10284152032e-08	1	8.36997954041e-08	-8.34673203847e-08	-8.3699793649e-08	1
0.0261674	1	-2.10727504039e-08	8.35346664973e-08	2.10727433771e-08	1	8.41184176087e-08	-8.35346682699e-08	-8.41184158484e-08	1
0.0262029	1	-2.11199775632e-08	8.35961088469e-08	2.11199704959e-08	1	8.45401312504e-08	-8.35961106323e-08	-8.45401294848e-08	1
0.0262384	1	-2.11691599118e-08	8.36568485148e-08	2.11691528039e-08	1	8.49645854166e-08	-8.36568503134e-08	-8.49645836457e-08	1
0.0262738	1	-2.12202832979e-08	8.37170427081e-08	2.12202761495e-08	1	8.53874446716e-08	-8.37170445201e-08	-8.53874428951e-08	1
0.0263093	1	-2.12726948028e-08	8.37703140098e-08	2.12726876147e-08	1	8.5806756127e-08	-8.37703158351e-08	-8.58067543449e-08	1
0.0263448	1	-2.13237079017e-08	8.38167479666e-08	2.13237006748e-08	1	8.62217106379e-08	-8.38167498052e-08	-8.62217088506e-08	1
0.0263803	1	-2.13710240315e-08	8.38617265066e-08	2.13710167664e-08	1	8.66326774411e-08	-8.38617283581e-08	-8.66326756489e-08	1
0.0264158	1	-2.14162503781e-08	8.39069999157e-08	2.14162430746e-08	1	8.70424908139e-08	-8.39070017798e-08	-8.70424890169e-08	1
0.0264513	1	-2.1461573482e-08	8.39513086507e-08	2.14615661402e-08	1	8.74532021534e-08	-8.39513105276e-08	-8.74532003517e-08	1
0.0264868	1	-2.15053491253e-08	8.3991934471e-08	2.15053417452e-08	1	8.78664594924e-08	-8.39919363606e-08	-8.78664576862e-08	1
0.0265222	1	-2.15481838341e-08	8.40288796689e-08	2.15481764157e-08	1	8.82832223082e-08	-8.40288815712e-08	-8.82832204976e-08	1
0.0265577	1	-2.15946900959e-08	8.40663671392e-08	2.15946826391e-08	1	8.8702142939e-08	-8.40663690547e-08	-8.87021411236e-08	1
0.0265932	1	-2.16449226327e-08	8.41055319171e-08	2.16449151371e-08	1	8.91206782628e-08	-8.41055338461e-08	-8.91206764423e-08	1
0.0266287	1	-2.16953857466e-08	8.41425926119e-08	2.16953782128e-08	1	8.95359822378e-08	-8.41425945544e-08	-8.95359804123e-08	1
0.0266638	1	-2.17458345501e-08	8.41745646178e-08	2.17458269793e-08	1	8.99414674212e-08	-8.41745665736e-08	-8.99414655907e-08	1
0.0266989	1	-2.17977391749e-08	8.4201941709e-08	2.17977315678e-08	1	9.03431708449e-08	-8.42019436783e-08	-9.03431690095e-08	1
0.0267341	1	-2.18500985048e-08	8.42222415063e-08	2.18500908621e-08	1	9.07444263337e-08	-8.42222434891e-08	-9.07444244934e-08	1
0.0267692	1	-2.19024705885e-08	8.42329730884e-08	2.19024629109e-08	1	9.1146800782e-08	-8.42329750848e-08	-9.11467989371e-08	1
0.0268043	1	-2.19550061116e-08	8.42360134914e-08	2.19549983998e-08	1	9.15504556699e-08	-8.42360155014e-08	-9.15504538205e-08	1
0.0268394	1	-2.20073835022e-08	8.42361881516e-08	2.20073757563e-08	1	9.19545413597e-08	-8.42361901753e-08	-9.19545395059e-08	1
0.0268745	1	-2.20565800381e-08	8.42340074632e-08	2.20565722582e-08	1	9.23596366313e-08	-8.42340095004e-08	-9.23596347734e-08	1
0.0269097	1	-2.21005317802e-08	8.42249158933e-08	2.2100523967e-08	1	9.27652972534e-08	-8.42249179434e-08	-9.2765295392e-08	1
0.0269448	1	-2.21426314345e-08	8.4209101451e-08	2.21426235887e-08	1	9.31697797746e-08	-8.42091035141e-08	-9.316977791e-08	1
0.0269799	1	-2.21861626406e-08	8.41894332347e-08	2.21861547628e-08	1	9.35718703628e-08	-8.41894353107e-08	-9.3571868495e-08	1
0.027015	1	-2.22312655359e-08	8.41696509857e-08	2.22312576264e-08	1	9.39717534016e-08	-8.41696530748e-08	-9.39717515304e-08	1
0.0270501	1	-2.22778252083e-08	8.41520260658e-08	2.22778172668e-08	1	9.43717379674e-08	-8.41520281682e-08	-9.43717360927e-08	1
0.0270852	1	-2.23255277917e-08	8.41332343059e-08	2.2325519818e-08	1	9.47750728032e-08	-8.41332364218e-08	-9.47750709249e-08	1
0.0271204	1	-2.23738713275e-08	8.41146173986e-08	2.2373863321e-08	1	9.51846375176e-08	-8.41146195282e-08	-9.51846356356e-08	1
0.0271555	1	-2.24232945138e-08	8.41011751483e-08	2.24232864738e-08	1	9.55990367498e-08	-8.41011772919e-08	-9.5599034864e-08	1
0.0271906	1	-2.24738567565e-08	8.40909868966e-08	2.24738486826e-08	1	9.60140570817e-08	-8.40909890544e-08	-9.60140551919e-08	1
0.0272257	1	-2.25257803144e-08	8.40800201482e-08	2.25257722066e-08	1	9.64293280333e-08	-8.40800223203e-08	-9.64293261393e-08	1
0.0272608	1	-2.25799663713e-08	8.40681992547e-08	2.25799582296e-08	1	9.68470977057e-08	-8.40682014415e-08	-9.68470958075e-08	1
0.0272959	1	-2.26363447261e-08	8.40557713778e-08	2.26363365503e-08	1	9.72667056129e-08	-8.40557735795e-08	-9.72667037102e-08	1
0.0273311	1	-2.26946998635e-08	8.40405706757e-08	2.26946916539e-08	1	9.76863915117e-08	-8.40405728926e-08	-9.76863896044e-08	1
0.0273662	1	-2.27535621487e-08	8.40232431875e-08	2.27535539056e-08	1	9.81052682209e-08	-8.40232454198e-08	-9.81052663091e-08	1
0.0274013	1	-2.28112858334e-08	8.40065141455e-08	2.28112775568e-08	1	9.85226584871e-08	-8.4006516393e-08	-9.85226565708e-08	1
0.0274364	1	-2.28685713776e-08	8.39889571152e-08	2.28685630678e-08	1	9.89393239555e-08	-8.39889593778e-08	-9.89393220348e-08	1
0.0274711	1	-2.29250487896e-08	8.39697192816e-08	2.29250404471e-08	1	9.93506905218e-08	-8.39697215593e-08	-9.93506885968e-08	1
0.0275057	1	-2.29813851777e-08	8.39500954636e-08	2.29813768025e-08	1	9.97636339997e-08	-8.39500977563e-08	-9.97636320704e-08	1
0.0275403	1	-2.3038058804e-08	8.39280814046e-08	2.30380503961e-08	1	1.00179516983e-07	-8.39280837125e-08	-1.00179515049e-07	1
0.027575	1	-2.30959550803e-08	8.39011008527e-08	2.309594664e-08	1	1.00598033451e-07	-8.39011031761e-08	-1.00598031513e-07	1
0.0276096	1	-2.31553868258e-08	8.38704967422e-08	2.31553783533e-08	1	1.01017985248e-07	-8.38704990813e-08	-1.01017983306e-07	1
0.0276443	1	-2.32152691866e-08	8.38376577758e-08	2.32152606822e-08	1	1.01438227848e-07	-8.38376601307e-08	-1.01438225902e-07	1
0.0276789	1	-2.32746453663e-08	8.38045899707e-08	2.32746368301e-08	1	1.01858318085e-07	-8.38045923414e-08	-1.01858316134e-07	1
0.0277136	1	-2.33341163733e-08	8.37734480666e-08	2.3334107805e-08	1	1.02279211037e-07	-8.37734504532e-08	-1.02279209082e-07	1
0.0277482	1	-2.33947927006e-08	8.37437712947e-08	2.33947840999e-08	1	1.02702476086e-07	-8.37437736974e-08	-1.02702474127e-07	1
0.0277828	1	-2.34567855532e-08	8.37137028639e-08	2.345677692e-08	1	1.03128015775e-07	-8.3713705283e-08	-1.03128013811e-07	1
0.0278175	1	-2.35199342034e-08	8.36809560144e-08	2.35199255376e-08	1	1.03556721622e-07	-8.368095845e-08	-1.03556719654e-07	1
0.0278521	1	-2.35835197972e-08	8.36426982907e-08	2.3583511099e-08	1	1.03992519562e-07	-8.36427007432e-08	-1.0399251759e-07	1
