0
-6.98211161269e-13
-8.44271054872e-13
1.40212802455e-12
9.02299840803e-12
2.35696990435e-11
4.20779504344e-11
6.10506896303e-11
7.84704317787e-11
9.19647171868e-11
9.98098742027e-11
1.033034729e-10
1.03378247961e-10
9.93777172559e-11
9.3360368136e-11
9.01329613142e-11
9.03433112246e-11
9.2533698375e-11
9.52398348165e-11
9.69472635927e-11
9.89271856792e-11
1.02392592942e-10
1.06193820433e-10
1.09022219118e-10
1.10861908026e-10
1.11173497218e-10
1.06857944587e-10
9.46025774664e-11
7.57168065035e-11
5.41511465433e-11
3.26254198796e-11
1.41735029881e-11
-1.55898278628e-12
-1.67938754846e-11
-3.1433999635e-11
-4.56819377541e-11
-6.04354625821e-11
-7.91563908183e-11
-1.05124858566e-10
-1.34239168565e-10
-1.58609345816e-10
-1.76388061048e-10
-1.90928814854e-10
-2.03683856516e-10
-2.15900784904e-10
-2.30950006184e-10
-2.48951722479e-10
-2.67050713238e-10
-2.85562755671e-10
-3.0677360575e-10
-3.30553252885e-10
-3.55949097007e-10
-3.84404117251e-10
-4.1661161255e-10
-4.50121270076e-10
-4.8481502438e-10
-5.22006114571e-10
-5.58939549458e-10
-5.90668893223e-10
-6.14780457224e-10
-6.3381111734e-10
-6.51467886079e-10
-6.68967439038e-10
-6.85409872735e-10
-7.00967305564e-10
-7.16922260923e-10
-7.31611394114e-10
-7.43701870219e-10
-7.54944703737e-10
-7.66931371632e-10
-7.78340928846e-10
-7.85791378517e-10
-7.88832876925e-10
-7.9057193639e-10
-7.93330697427e-10
-7.97657527964e-10
-8.02737072562e-10
-8.0797289018e-10
-8.14109022395e-10
-8.20460982875e-10
-8.26446525744e-10
-8.33119142141e-10
-8.40614316077e-10
-8.48153333545e-10
-8.55424946943e-10
-8.63774913152e-10
-8.75480401836e-10
-8.90349359272e-10
-9.05694378848e-10
-9.20387542776e-10
-9.33502112918e-10
-9.45000143787e-10
-9.58957442198e-10
-9.77735558084e-10
-1.00020774448e-09
-1.02608616597e-09
-1.05340737902e-09
-1.07983237814e-09
-1.10569394463e-09
-1.13015627713e-09
-1.15243233976e-09
-1.17363396884e-09
-1.19511010215e-09
-1.21601052836e-09
-1.23420218656e-09
-1.24921085103e-09
-1.26086893679e-09
-1.27083529596e-09
-1.28257708686e-09
-1.2973821469e-09
-1.31537432426e-09
-1.33766305842e-09
-1.36350479014e-09
-1.39072464342e-09
-1.41897173368e-09
-1.44795420301e-09
-1.47805151995e-09
-1.51039065075e-09
-1.54339107824e-09
-1.57715531651e-09
-1.61441654603e-09
-1.65417607667e-09
-1.69524369236e-09
-1.7401052203e-09
-1.78853180485e-09
-1.83665824199e-09
-1.88384328553e-09
-1.93129573847e-09
-1.97816845782e-09
-2.02465194729e-09
-2.07067949134e-09
-2.115382221e-09
-2.15867185974e-09
-2.19959521234e-09
-2.23800560616e-09
-2.2734923468e-09
-2.30613215409e-09
-2.33856149832e-09
-2.37240037405e-09
-2.40676426175e-09
-2.4400935299e-09
-2.47389987229e-09
-2.50955597069e-09
-2.54538643237e-09
-2.58075109477e-09
-2.61572835664e-09
-2.64932890974e-09
-2.68065747338e-09
-2.70956532542e-09
-2.73675140742e-09
-2.76494072088e-09
-2.79497520646e-09
-2.82585650458e-09
-2.8583322537e-09
-2.89237087841e-09
-2.92689372933e-09
-2.9608747671e-09
-2.99324142617e-09
-3.02423542964e-09
-3.05491502028e-09
-3.08629848998e-09
-3.11914549888e-09
-3.15144600961e-09
-3.1815416602e-09
-3.21107058901e-09
-3.23988106137e-09
-3.26599323409e-09
-3.29010797491e-09
-3.31500359688e-09
-3.34235616787e-09
-3.37174578658e-09
-3.4023861232e-09
-3.43364744713e-09
-3.46541372234e-09
-3.4974701504e-09
-3.52911845863e-09
-3.56048659971e-09
-3.59099115019e-09
-3.61854589001e-09
-3.64248567879e-09
-3.66646551793e-09
-3.69318557121e-09
-3.72145952686e-09
-3.75057934139e-09
-3.780330928e-09
-3.81096102442e-09
-3.84255096726e-09
-3.87582210123e-09
-3.91108838907e-09
-3.94661661659e-09
-3.98125183644e-09
-4.0147221474e-09
-4.04750065041e-09
-4.07963952355e-09
-4.11200827582e-09
-4.14614385793e-09
-4.1815888667e-09
-4.21756884892e-09
-4.25492669593e-09
-4.29358530599e-09
-4.33212570629e-09
-4.37021089787e-09
-4.40848060339e-09
-4.44827563348e-09
-4.48966324413e-09
-4.53213613048e-09
-4.57687938298e-09
-4.62378342486e-09
-4.66974633991e-09
-4.71443701402e-09
-4.76109842056e-09
-4.80958293157e-09
-4.85853199262e-09
-4.90966686004e-09
-4.96498300174e-09
-5.02507224871e-09
-5.09029744347e-09
-5.16111296667e-09
-5.23469136097e-09
-5.30791280189e-09
-5.38079816938e-09
-5.45322884186e-09
-5.52577937664e-09
-5.5993900415e-09
-5.67338766023e-09
-5.74675203968e-09
-5.81843036427e-09
-5.88696101228e-09
-5.95130315121e-09
-6.01222845562e-09
-6.07120106053e-09
-6.12870257689e-09
-6.18566512363e-09
-6.24382619473e-09
-6.30376446688e-09
-6.36650387267e-09
-6.43284850793e-09
-6.50042083961e-09
-6.56753875963e-09
-6.63409117557e-09
-6.69662379139e-09
-6.75336134643e-09
-6.80847750896e-09
-6.86367123247e-09
-6.91879828435e-09
-6.97560523065e-09
-7.03427899593e-09
-7.09448793562e-09
-7.15607345984e-09
-7.21880013644e-09
-7.28293257852e-09
-7.34885935551e-09
-7.41549008177e-09
-7.48064999177e-09
-7.54593803267e-09
-7.61274204003e-09
-7.67991027602e-09
-7.74825957272e-09
-7.81807576163e-09
-7.88940939834e-09
-7.96193854352e-09
-8.03482933908e-09
-8.10969820966e-09
-8.18767445316e-09
-8.26873595993e-09
-8.35152715099e-09
-8.43432886309e-09
-8.51719159759e-09
-8.59999775864e-09
-8.68173952367e-09
-8.76260406095e-09
-8.84343769566e-09
-8.92445128466e-09
-9.00518245073e-09
-9.0832836693e-09
-9.15768164177e-09
-9.2299780303e-09
-9.30058270012e-09
-9.37009297178e-09
-9.44049754537e-09
-9.51387411577e-09
-9.59192580564e-09
-9.67455326486e-09
-9.76080311715e-09
-9.84811057065e-09
-9.93253894301e-09
-1.00136960378e-08
-1.00929205555e-08
-1.01699980148e-08
-1.02445545523e-08
-1.02592150391e-08
-1.02778726946e-08
-1.02999716222e-08
-1.03277968114e-08
-1.03556283954e-08
-1.03833846126e-08
-1.04110848751e-08
-1.04443663953e-08
-1.04845229519e-08
-1.05324480403e-08
-1.05884972595e-08
-1.06529435761e-08
-1.07239008535e-08
-1.07977329096e-08
-1.08717470256e-08
-1.09474171396e-08
-1.10232852934e-08
-1.10985005508e-08
-1.11730987661e-08
-1.12456356195e-08
-1.13152296055e-08
-1.13832351168e-08
-1.14509660997e-08
-1.15184202117e-08
-1.15871158075e-08
-1.16591705066e-08
-1.17341937208e-08
-1.18095331138e-08
-1.18842685344e-08
-1.19605913211e-08
-1.20385326526e-08
-1.21157855293e-08
-1.21905514859e-08
-1.22646815028e-08
-1.23390072457e-08
-1.24128974045e-08
-1.24885680584e-08
-1.25672360885e-08
-1.26444821676e-08
-1.27187401551e-08
-1.27928491021e-08
-1.28677797782e-08
-1.29421685439e-08
-1.30167611301e-08
-1.30923912741e-08
-1.31691928087e-08
-1.32472800656e-08
-1.33259371675e-08
-1.34048531795e-08
-1.34845438758e-08
-1.35651987084e-08
-1.36461338998e-08
-1.37279965477e-08
-1.38101167119e-08
-1.38912111733e-08
-1.39709235581e-08
-1.40484580348e-08
-1.41253093739e-08
-1.42035967882e-08
-1.42826398063e-08
-1.43620901575e-08
-1.44437661042e-08
-1.45279948707e-08
-1.46120791575e-08
-1.46961791634e-08
-1.478077637e-08
-1.48632785807e-08
-1.4944283818e-08
-1.50248514221e-08
-1.51050525136e-08
-1.51864375376e-08
-1.5269784372e-08
-1.5353886894e-08
-1.54396402503e-08
-1.55281777904e-08
-1.56176965833e-08
-1.57057315796e-08
-1.57908553915e-08
-1.58709718461e-08
-1.59485118635e-08
-1.60261584916e-08
-1.6103754655e-08
-1.61822678164e-08
-1.6261323947e-08
-1.63379981858e-08
-1.6412735152e-08
-1.64859301061e-08
-1.65576715279e-08
-1.66292610981e-08
-1.67003876756e-08
-1.67710258188e-08
-1.68440936145e-08
-1.69204338846e-08
-1.69984811249e-08
-1.70769309313e-08
-1.71554239873e-08
-1.72339949209e-08
-1.73124334837e-08
-1.7389501075e-08
-1.74629953041e-08
-1.75323784526e-08
-1.75980508802e-08
-1.76607632551e-08
-1.77202034777e-08
-1.77757140408e-08
-1.78291665495e-08
-1.78838206409e-08
-1.79394440059e-08
-1.79948691808e-08
-1.80492702627e-08
-1.8101723168e-08
-1.81524423588e-08
-1.82026844015e-08
-1.8253656359e-08
-1.83066872507e-08
-1.83620432931e-08
-1.8419206448e-08
-1.84765306984e-08
-1.85334541221e-08
-1.85899828898e-08
-1.86457786701e-08
-1.87017095332e-08
-1.87575550148e-08
-1.88108346334e-08
-1.88619870557e-08
-1.89135292741e-08
-1.89664953855e-08
-1.90200510345e-08
-1.9073713916e-08
-1.91274499236e-08
-1.91805147131e-08
-1.92338445048e-08
-1.92893515369e-08
-1.93451991829e-08
-1.9400673837e-08
-1.94568883173e-08
-1.95129806011e-08
-1.95684509258e-08
-1.96233544543e-08
-1.9675850814e-08
-1.97254150806e-08
-1.97747199053e-08
-1.98256771481e-08
-1.98767359475e-08
-1.99252457285e-08
-1.99718429362e-08
-2.00180646023e-08
-2.0065176252e-08
-2.01133890972e-08
-2.01619907509e-08
-2.02111836573e-08
-2.02610902269e-08
-2.03104592648e-08
-2.03577282305e-08
-2.04024266943e-08
-2.04453197339e-08
-2.04858995745e-08
-2.05244667567e-08
-2.05617457337e-08
-2.0598221376e-08
-2.06345828781e-08
-2.06704314543e-08
-2.07068509601e-08
-2.07460380259e-08
-2.0787169174e-08
-2.08278800278e-08
-2.08673921729e-08
-2.09065122803e-08
-2.09459069548e-08
-2.09865074146e-08
-2.10284221894e-08
-2.10727504039e-08
-2.11199775632e-08
-2.11691599118e-08
-2.12202832979e-08
-2.12726948028e-08
-2.13237079017e-08
-2.13710240315e-08
-2.14162503781e-08
-2.1461573482e-08
-2.15053491253e-08
-2.15481838341e-08
-2.15946900959e-08
-2.16449226327e-08
-2.16953857466e-08
-2.17458345501e-08
-2.17977391749e-08
-2.18500985048e-08
-2.19024705885e-08
-2.19550061116e-08
-2.20073835022e-08
-2.20565800381e-08
-2.21005317802e-08
-2.21426314345e-08
-2.21861626406e-08
-2.22312655359e-08
-2.22778252083e-08
-2.23255277917e-08
-2.23738713275e-08
-2.24232945138e-08
-2.24738567565e-08
-2.25257803144e-08
-2.25799663713e-08
-2.26363447261e-08
-2.26946998635e-08
-2.27535621487e-08
-2.28112858334e-08
-2.28685713776e-08
-2.29250487896e-08
-2.29813851777e-08
-2.3038058804e-08
-2.30959550803e-08
-2.31553868258e-08
-2.32152691866e-08
-2.32746453663e-08
-2.33341163733e-08
-2.33947927006e-08
-2.34567855532e-08
-2.35199342034e-08
-2.35835197972e-08
