0
1.94678539173e-13
5.36751176275e-12
2.72909937649e-11
6.60029136598e-11
1.13292521594e-10
1.63617098276e-10
2.31735885763e-10
3.24906445007e-10
4.36153367338e-10
5.58036595173e-10
6.93747336191e-10
8.45033567701e-10
1.00329250132e-09
1.16667713549e-09
1.34053078959e-09
1.52488292622e-09
1.71458808728e-09
1.90764148097e-09
2.10819048907e-09
2.31817973215e-09
2.53449068463e-09
2.74698734958e-09
2.95583389215e-09
3.16354739487e-09
3.35681822069e-09
3.53419097906e-09
3.70502810795e-09
3.87695071101e-09
4.06238535221e-09
4.26095296555e-09
4.4594088788e-09
4.65289364597e-09
4.83947027744e-09
5.02725939165e-09
5.23149255847e-09
5.44740904408e-09
5.6624569594e-09
5.8751249499e-09
6.08103125103e-09
6.27671741255e-09
6.46863839356e-09
6.65830794231e-09
6.85086877866e-09
7.05561923521e-09
7.26722976624e-09
7.47709901332e-09
7.68505287821e-09
7.89193328054e-09
8.09426796367e-09
8.28706283253e-09
8.47283140911e-09
8.66159662848e-09
8.86156467531e-09
9.06742651021e-09
9.26563818691e-09
9.45448280124e-09
9.6410341792e-09
9.8271042812e-09
1.00022720529e-08
1.01605366652e-08
1.03194154356e-08
1.04955258988e-08
1.06892946691e-08
1.08973470154e-08
1.11175529837e-08
1.13493284261e-08
1.15879805736e-08
1.18287426541e-08
1.20824112869e-08
1.23587989437e-08
1.26490337511e-08
1.29438890667e-08
1.32410783226e-08
1.35376119766e-08
1.38317336428e-08
1.41235904497e-08
1.44129272544e-08
1.47002500677e-08
1.49852211754e-08
1.5267598818e-08
1.55513289365e-08
1.58373192642e-08
1.612290909e-08
1.64084227427e-08
1.66947492557e-08
1.69829352256e-08
1.72777236135e-08
1.75799148585e-08
1.78866727622e-08
1.81996540233e-08
1.85188054049e-08
1.88360342623e-08
1.91485470114e-08
1.9457812502e-08
1.97619041647e-08
2.00609535463e-08
2.03560768161e-08
2.06495987591e-08
2.09454767402e-08
2.12460375834e-08
2.15501977985e-08
2.18535180906e-08
2.21549974746e-08
2.24577887814e-08
2.27645438861e-08
2.30774178637e-08
2.34001080361e-08
2.37313833632e-08
2.40616546449e-08
2.43816790004e-08
2.46914108898e-08
2.49931676198e-08
2.5286335909e-08
2.55758080488e-08
2.58635432131e-08
2.61455573484e-08
2.64227864563e-08
2.66960926115e-08
2.69653907483e-08
2.72317669566e-08
2.74941188174e-08
2.77551677635e-08
2.80157161448e-08
2.82718612932e-08
2.85259335289e-08
2.87811792744e-08
2.90385322754e-08
2.93008266386e-08
2.95702697786e-08
2.98459585293e-08
3.01234222643e-08
3.03985662349e-08
3.0671416584e-08
3.09433767772e-08
3.12150850196e-08
3.14877889843e-08
3.17663791033e-08
3.2052748849e-08
3.23426534692e-08
3.26333865275e-08
3.29202351711e-08
3.31991709743e-08
3.34733702742e-08
3.37482344024e-08
3.40271819626e-08
3.43092931523e-08
3.45932341605e-08
3.48776375777e-08
3.51614038716e-08
3.54472980819e-08
3.57364370573e-08
3.60259814247e-08
3.63148592845e-08
3.66009581593e-08
3.68824201492e-08
3.7163061006e-08
3.7446006301e-08
3.77305984491e-08
3.80107552011e-08
3.82823071345e-08
3.85499423202e-08
3.88188186752e-08
3.90910836953e-08
3.93630344558e-08
3.96309202695e-08
3.9898100533e-08
4.01677860531e-08
4.04431559581e-08
4.07284984244e-08
4.10205937988e-08
4.13094016154e-08
4.15862854907e-08
4.18473918729e-08
4.2096209208e-08
4.23397271804e-08
4.25802926933e-08
4.28187492586e-08
4.30552623548e-08
4.32910570055e-08
4.35298570964e-08
4.37715495073e-08
4.40152551688e-08
4.42615238455e-08
4.45068338149e-08
4.47477771517e-08
4.49882564237e-08
4.52333808601e-08
4.54801267492e-08
4.5727257141e-08
4.59797712194e-08
4.62365313876e-08
4.64925202126e-08
4.67466202544e-08
4.69986201913e-08
4.72448426069e-08
4.74847581934e-08
4.77225623314e-08
4.79576934304e-08
4.81889394846e-08
4.84141513465e-08
4.8628788977e-08
4.883487417e-08
4.90360696041e-08
4.92342523903e-08
4.94336886199e-08
4.96369861251e-08
4.98406575826e-08
5.00405070077e-08
5.02373305717e-08
5.04312461464e-08
5.06214012162e-08
5.08109787255e-08
5.10026086662e-08
5.11933794385e-08
5.13852590751e-08
5.15823856224e-08
5.17793532829e-08
5.19721779682e-08
5.21619771295e-08
5.23523936509e-08
5.25476581773e-08
5.27460861432e-08
5.29429086825e-08
5.31366523192e-08
5.33274550698e-08
5.3516677181e-08
5.37083301549e-08
5.39022035196e-08
5.40932751155e-08
5.42805582738e-08
5.44688536087e-08
5.46584930965e-08
5.48430437103e-08
5.50196702699e-08
5.51884658168e-08
5.53508018246e-08
5.55129161446e-08
5.56787696714e-08
5.58483601813e-08
5.60184613498e-08
5.61864491875e-08
5.63547137234e-08
5.65240289844e-08
5.66971279206e-08
5.6878868587e-08
5.7070004156e-08
5.72705320894e-08
5.74791712257e-08
5.7688372993e-08
5.78885885917e-08
5.8078051415e-08
5.82643818142e-08
5.84529760352e-08
5.86363050102e-08
5.88093612815e-08
5.89814622762e-08
5.91604689983e-08
5.93443484397e-08
5.95271492812e-08
5.97051886039e-08
5.98792843307e-08
6.00527632094e-08
6.02268906527e-08
6.04014865455e-08
6.05788943702e-08
6.07607583884e-08
6.09477285168e-08
6.11371569809e-08
6.13209318139e-08
6.14970435683e-08
6.16679861391e-08
6.1837611998e-08
6.20098905334e-08
6.21824984646e-08
6.23539629895e-08
6.25262302514e-08
6.26977954457e-08
6.28632118877e-08
6.30186319417e-08
6.3170182716e-08
6.33247057394e-08
6.34800738436e-08
6.36358876824e-08
6.37932112182e-08
6.39487111864e-08
6.41009585489e-08
6.42523701553e-08
6.44038777985e-08
6.45559481406e-08
6.4586537816e-08
6.46251160237e-08
6.46702083209e-08
6.47271929505e-08
6.47854516771e-08
6.48443072832e-08
6.49024267369e-08
6.49717637158e-08
6.50564269499e-08
6.51579467111e-08
6.52728402087e-08
6.53995180053e-08
6.55408609347e-08
6.56943559822e-08
6.58458652154e-08
6.5992012921e-08
6.61359208792e-08
6.62815198725e-08
6.64283950461e-08
6.65755877415e-08
6.67232597028e-08
6.6868784571e-08
6.7010438315e-08
6.71486209518e-08
6.72878924138e-08
6.74302357863e-08
6.75701633238e-08
6.77060367052e-08
6.78409789918e-08
6.79781446978e-08
6.81178057665e-08
6.82593715987e-08
6.8400664931e-08
6.85415384744e-08
6.8682993866e-08
6.88246078665e-08
6.89640946987e-08
6.90997498902e-08
6.92319342583e-08
6.93611571421e-08
6.94850388249e-08
6.96051117068e-08
6.97248485732e-08
6.98471179187e-08
6.99720371618e-08
7.00999481893e-08
7.0227986993e-08
7.03511097377e-08
7.04723165941e-08
7.05956163531e-08
7.07201773542e-08
7.08439057454e-08
7.09701464553e-08
7.1100317193e-08
7.12315739213e-08
7.13613295449e-08
7.1489193488e-08
7.16179705201e-08
7.17494594417e-08
7.18858414427e-08
7.20265523612e-08
7.21676377824e-08
7.23081850935e-08
7.24500489458e-08
7.25948787391e-08
7.27382905017e-08
7.28743665872e-08
7.30049890513e-08
7.31328266413e-08
7.3256659846e-08
7.33757252638e-08
7.34913721677e-08
7.36048061761e-08
7.37186364307e-08
7.38329670195e-08
7.39475766208e-08
7.40649047976e-08
7.418489264e-08
7.43040426402e-08
7.44249279337e-08
7.45481926983e-08
7.46695564503e-08
7.47883701567e-08
7.49070637469e-08
7.50265833538e-08
7.51472909925e-08
7.52677396286e-08
7.53858678837e-08
7.55010643822e-08
7.56168943141e-08
7.57348697016e-08
7.58536458103e-08
7.59717878568e-08
7.60873559531e-08
7.61992277278e-08
7.63087045923e-08
7.64154889755e-08
7.6518639166e-08
7.66189515637e-08
7.67163720324e-08
7.68097846861e-08
7.68983167931e-08
7.69835832068e-08
7.70672995279e-08
7.7151856841e-08
7.7238417054e-08
7.73279044122e-08
7.74219868457e-08
7.75184895162e-08
7.76122246698e-08
7.77029035694e-08
7.77939427231e-08
7.78863892661e-08
7.79763388443e-08
7.80618469854e-08
7.81445754046e-08
7.82268871511e-08
7.8310504534e-08
7.83937801127e-08
7.84731550991e-08
7.85498471967e-08
7.86271074647e-08
7.87100334298e-08
7.87997358192e-08
7.88932318876e-08
7.89900697445e-08
7.90913008203e-08
7.91967797673e-08
7.93034108874e-08
7.94074097661e-08
7.95086565686e-08
7.9609883893e-08
7.97140085572e-08
7.98192470129e-08
7.99226136866e-08
8.00249960726e-08
8.01302578265e-08
8.02396884662e-08
8.0352275455e-08
8.0468739617e-08
8.05911474931e-08
8.07172727305e-08
8.08416397231e-08
8.09627431848e-08
8.10793667434e-08
8.11909962483e-08
8.12981969344e-08
8.14029754491e-08
8.15054228312e-08
8.16028439354e-08
8.16948838396e-08
8.17844700425e-08
8.18737041668e-08
8.19640506957e-08
8.20556813861e-08
8.21491940055e-08
8.22452193678e-08
8.23444344981e-08
8.24453834479e-08
8.25451298297e-08
8.26422500448e-08
8.27382081173e-08
8.28321154931e-08
8.29209743376e-08
8.30066176044e-08
8.30887010752e-08
8.31661437882e-08
8.32437056871e-08
8.33209802587e-08
8.33953816334e-08
8.34673186246e-08
8.35346664973e-08
8.35961088469e-08
8.36568485148e-08
8.37170427081e-08
8.37703140098e-08
8.38167479666e-08
8.38617265066e-08
8.39069999157e-08
8.39513086507e-08
8.3991934471e-08
8.40288796689e-08
8.40663671392e-08
8.41055319171e-08
8.41425926119e-08
8.41745646178e-08
8.4201941709e-08
8.42222415063e-08
8.42329730884e-08
8.42360134914e-08
8.42361881516e-08
8.42340074632e-08
8.42249158933e-08
8.4209101451e-08
8.41894332347e-08
8.41696509857e-08
8.41520260658e-08
8.41332343059e-08
8.41146173986e-08
8.41011751483e-08
8.40909868966e-08
8.40800201482e-08
8.40681992547e-08
8.40557713778e-08
8.40405706757e-08
8.40232431875e-08
8.40065141455e-08
8.39889571152e-08
8.39697192816e-08
8.39500954636e-08
8.39280814046e-08
8.39011008527e-08
8.38704967422e-08
8.38376577758e-08
8.38045899707e-08
8.37734480666e-08
8.37437712947e-08
8.37137028639e-08
8.36809560144e-08
8.36426982907e-08
