0
6.98211161269e-13
8.44271054893e-13
-1.40212802429e-12
-9.02299840727e-12
-2.35696990442e-11
-4.20779504426e-11
-6.10506896578e-11
-7.84704318456e-11
-9.19647173226e-11
-9.98098744477e-11
-1.03303473311e-10
-1.03378248614e-10
-9.93777182345e-11
-9.33603695216e-11
-9.01329632007e-11
-9.03433137252e-11
-9.25337016099e-11
-9.52398389115e-11
-9.69472686954e-11
-9.89271919491e-11
-1.02392600536e-10
-1.06193829513e-10
-1.09022229843e-10
-1.10861920519e-10
-1.11173511557e-10
-1.06857960861e-10
-9.46025958021e-11
-7.57168270634e-11
-5.41511695189e-11
-3.26254454427e-11
-1.41735312613e-11
1.55895170098e-12
1.67938414911e-11
3.14339625427e-11
4.56818972655e-11
6.04354184786e-11
7.9156342966e-11
1.05124806796e-10
1.34239112742e-10
1.58609285841e-10
1.76387996779e-10
1.90928746183e-10
2.03683783318e-10
2.15900706964e-10
2.30949923313e-10
2.48951634562e-10
2.67050620198e-10
2.85562657431e-10
3.06773502261e-10
3.30553144163e-10
3.55948982999e-10
3.84403997779e-10
4.16611487347e-10
4.50121138962e-10
4.84814887437e-10
5.22005971912e-10
5.58939401034e-10
5.90668738956e-10
6.14780297149e-10
6.33810951468e-10
6.51467714082e-10
6.68967260344e-10
6.85409686849e-10
7.00967112167e-10
7.1692205981e-10
7.31611184992e-10
7.43701652709e-10
7.54944477537e-10
7.66931136294e-10
7.78340683765e-10
7.8579112327e-10
7.88832611247e-10
7.90571660027e-10
7.93330410172e-10
7.97657229663e-10
8.02736763101e-10
8.07972569521e-10
8.14108690529e-10
8.20460639718e-10
8.26446171119e-10
8.33118775811e-10
8.40613937834e-10
8.48152943217e-10
8.55424544288e-10
8.63774497883e-10
8.75479973677e-10
8.90348917853e-10
9.05693923807e-10
9.20387073851e-10
9.33501629832e-10
9.44999646247e-10
9.58956930122e-10
9.77735031557e-10
1.00020720357e-09
1.02608561066e-09
1.05340680919e-09
1.07983179371e-09
1.10569334556e-09
1.13015566336e-09
1.15243171111e-09
1.1736333251e-09
1.19510944327e-09
1.21600985437e-09
1.23420149732e-09
1.24921014625e-09
1.26086821606e-09
1.27083455854e-09
1.28257633215e-09
1.29738137498e-09
1.3153735359e-09
1.33766225433e-09
1.3635039706e-09
1.39072380872e-09
1.41897088408e-09
1.44795333875e-09
1.4780506413e-09
1.51038975789e-09
1.5433901714e-09
1.57715439593e-09
1.61441561188e-09
1.65417512908e-09
1.69524273129e-09
1.74010424557e-09
1.78853081639e-09
1.83665723983e-09
1.88384226954e-09
1.93129470825e-09
1.97816741299e-09
2.02465088756e-09
2.07067841644e-09
2.11538113088e-09
2.15867075446e-09
2.1995940919e-09
2.23800447053e-09
2.27349119596e-09
2.30613098795e-09
2.33856031663e-09
2.37239917652e-09
2.40676304826e-09
2.4400923005e-09
2.47389862723e-09
2.50955471041e-09
2.54538515708e-09
2.58074980448e-09
2.6157270512e-09
2.64932758897e-09
2.68065613704e-09
2.70956397339e-09
2.73675003988e-09
2.76493933803e-09
2.7949738082e-09
2.82585509068e-09
2.85833082412e-09
2.89236943332e-09
2.92689226893e-09
2.96087329144e-09
2.99323993502e-09
3.02423392261e-09
3.05491349741e-09
3.08629695172e-09
3.11914394532e-09
3.15144444057e-09
3.18154007563e-09
3.21106898915e-09
3.23987944659e-09
3.26599160454e-09
3.29010633069e-09
3.31500193811e-09
3.34235449451e-09
3.37174409847e-09
3.40238442031e-09
3.43364572975e-09
3.46541199107e-09
3.49746840587e-09
3.52911670112e-09
3.56048482956e-09
3.59098936783e-09
3.61854409553e-09
3.64248387205e-09
3.66646369885e-09
3.69318373986e-09
3.72145768306e-09
3.75057748464e-09
3.78032905806e-09
3.81095914158e-09
3.84254907185e-09
3.87582019339e-09
3.91108646903e-09
3.94661468452e-09
3.98124989224e-09
4.0147201909e-09
4.04749868141e-09
4.07963754181e-09
4.11200628127e-09
4.14614185089e-09
4.18158684752e-09
4.21756681782e-09
4.25492465334e-09
4.29358325218e-09
4.33212364135e-09
4.37020882204e-09
4.40847851673e-09
4.44827353589e-09
4.48966113546e-09
4.53213401037e-09
4.57687725099e-09
4.62378128057e-09
4.66974418319e-09
4.71443484499e-09
4.76109623945e-09
4.80958073859e-09
4.85852978754e-09
4.90966464222e-09
4.96498077069e-09
5.02507000418e-09
5.09029518525e-09
5.16111069479e-09
5.23468907551e-09
5.30791050279e-09
5.3807958563e-09
5.45322651439e-09
5.5257770347e-09
5.59938768517e-09
5.67338528952e-09
5.74674965466e-09
5.81842796492e-09
5.8869585984e-09
5.95130072247e-09
6.01222601168e-09
6.07119860096e-09
6.12870010099e-09
6.18566263112e-09
6.24382368618e-09
6.30376194311e-09
6.36650133426e-09
6.43284595495e-09
6.50041827156e-09
6.56753617605e-09
6.63408857627e-09
6.69662117618e-09
6.75335871501e-09
6.80847486118e-09
6.86366856855e-09
6.91879560463e-09
6.97560253548e-09
7.03427628565e-09
7.09448521035e-09
7.15607071962e-09
7.21879738154e-09
7.28292980953e-09
7.34885657274e-09
7.41548728489e-09
7.4806471805e-09
7.54593520699e-09
7.61273919979e-09
7.67990742071e-09
7.74825670176e-09
7.81807287477e-09
7.8894064957e-09
7.96193562537e-09
8.03482640553e-09
8.10969526051e-09
8.1876714886e-09
8.26873298052e-09
8.35152415717e-09
8.43432585501e-09
8.51718857526e-09
8.59999472236e-09
8.68173647411e-09
8.76260099868e-09
8.84343462104e-09
8.92444819761e-09
9.00517935072e-09
9.08328055596e-09
9.15767851483e-09
9.22997488928e-09
9.30057954452e-09
9.37008980125e-09
9.44049435996e-09
9.51387091585e-09
9.59192259167e-09
9.67455003748e-09
9.76079987681e-09
9.8481073176e-09
9.93253567765e-09
1.00136927607e-08
1.00929172674e-08
1.01699947158e-08
1.02445512427e-08
1.02592117275e-08
1.02778693804e-08
1.02999683051e-08
1.03277934906e-08
1.03556250709e-08
1.03833812843e-08
1.04110815429e-08
1.04443630584e-08
1.04845196092e-08
1.05324446908e-08
1.05884939024e-08
1.06529402108e-08
1.07238974796e-08
1.07977295268e-08
1.0871743634e-08
1.09474137396e-08
1.10232818853e-08
1.1098497134e-08
1.11730953401e-08
1.12456321842e-08
1.13152261613e-08
1.13832316639e-08
1.14509626382e-08
1.15184167414e-08
1.15871123283e-08
1.16591670182e-08
1.17341902234e-08
1.18095296073e-08
1.18842650188e-08
1.19605877962e-08
1.20385291183e-08
1.21157819853e-08
1.21905479323e-08
1.22646779397e-08
1.23390036734e-08
1.24128938233e-08
1.24885644684e-08
1.25672324899e-08
1.2644478561e-08
1.27187365408e-08
1.27928454806e-08
1.28677761496e-08
1.29421649081e-08
1.30167574868e-08
1.30923876231e-08
1.31691891495e-08
1.3247276398e-08
1.33259334916e-08
1.34048494954e-08
1.34845401832e-08
1.35651950069e-08
1.3646130189e-08
1.37279928272e-08
1.38101129812e-08
1.38912074322e-08
1.39709198066e-08
1.40484542724e-08
1.41253056001e-08
1.42035930025e-08
1.42826360085e-08
1.43620863469e-08
1.44437622804e-08
1.45279910331e-08
1.46120753057e-08
1.46961752971e-08
1.47807724887e-08
1.48632746841e-08
1.49442799058e-08
1.50248474937e-08
1.51050485689e-08
1.51864335768e-08
1.52697803953e-08
1.53538829013e-08
1.54396362414e-08
1.55281737653e-08
1.56176925419e-08
1.57057275215e-08
1.57908513165e-08
1.58709677544e-08
1.59485077551e-08
1.60261543665e-08
1.61037505132e-08
1.61822636575e-08
1.62613197704e-08
1.63379939911e-08
1.64127309385e-08
1.6485925873e-08
1.6557667275e-08
1.66292568254e-08
1.67003833828e-08
1.67710215055e-08
1.68440892802e-08
1.6920429529e-08
1.69984767479e-08
1.70769265331e-08
1.71554195678e-08
1.72339904799e-08
1.73124290208e-08
1.73894965898e-08
1.74629907964e-08
1.75323739221e-08
1.75980463266e-08
1.76607586782e-08
1.77201988771e-08
1.7775709416e-08
1.78291619006e-08
1.78838159671e-08
1.79394393064e-08
1.79948644546e-08
1.80492655098e-08
1.81017183883e-08
1.81524375525e-08
1.82026795685e-08
1.82536514993e-08
1.83066823638e-08
1.83620383785e-08
1.84192015053e-08
1.84765257268e-08
1.85334491207e-08
1.85899778583e-08
1.86457736083e-08
1.87017044408e-08
1.87575498909e-08
1.88108294772e-08
1.88619818668e-08
1.89135240519e-08
1.89664901293e-08
1.90200457437e-08
1.90737085902e-08
1.91274445631e-08
1.91805093182e-08
1.92338390756e-08
1.92893460728e-08
1.93451936833e-08
1.94006683017e-08
1.94568827459e-08
1.95129749929e-08
1.956844528e-08
1.962334877e-08
1.96758450903e-08
1.97254093167e-08
1.97747141011e-08
1.98256713039e-08
1.98767300634e-08
1.99252398046e-08
1.99718369723e-08
2.0018058598e-08
2.00651702066e-08
2.0113383011e-08
2.01619846241e-08
2.02111774901e-08
2.02610840194e-08
2.03104530173e-08
2.03577219431e-08
2.04024203669e-08
2.04453133666e-08
2.04858931672e-08
2.0524460309e-08
2.05617392453e-08
2.05982148466e-08
2.06345763075e-08
2.06704248422e-08
2.07068443061e-08
2.07460313292e-08
2.07871624345e-08
2.08278732463e-08
2.08673853504e-08
2.09065054167e-08
2.09459000503e-08
2.09865004692e-08
2.10284152032e-08
2.10727433771e-08
2.11199704959e-08
2.11691528039e-08
2.12202761495e-08
2.12726876147e-08
2.13237006748e-08
2.13710167664e-08
2.14162430746e-08
2.14615661402e-08
2.15053417452e-08
2.15481764157e-08
2.15946826391e-08
2.16449151371e-08
2.16953782128e-08
2.17458269793e-08
2.17977315678e-08
2.18500908621e-08
2.19024629109e-08
2.19549983998e-08
2.20073757563e-08
2.20565722582e-08
2.2100523967e-08
2.21426235887e-08
2.21861547628e-08
2.22312576264e-08
2.22778172668e-08
2.2325519818e-08
2.2373863321e-08
2.24232864738e-08
2.24738486826e-08
2.25257722066e-08
2.25799582296e-08
2.26363365503e-08
2.26946916539e-08
2.27535539056e-08
2.28112775568e-08
2.28685630678e-08
2.29250404471e-08
2.29813768025e-08
2.30380503961e-08
2.309594664e-08
2.31553783533e-08
2.32152606822e-08
2.32746368301e-08
2.3334107805e-08
2.33947840999e-08
2.345677692e-08
2.35199255376e-08
2.3583511099e-08
