0
-1.32907090498e-12
-3.79352160254e-12
-9.87286103302e-12
-1.14977217453e-11
5.8461270544e-12
4.98305583892e-11
1.18679320662e-10
2.05909505438e-10
3.11420605788e-10
4.39114415641e-10
5.92359269953e-10
7.72724826204e-10
9.75354921943e-10
1.18761040579e-09
1.40733445071e-09
1.63985485872e-09
1.88673598915e-09
2.14662783853e-09
2.42040942179e-09
2.70468215487e-09
2.99637398372e-09
3.30540969684e-09
3.62831198843e-09
3.94910515674e-09
4.27172733885e-09
4.60469776297e-09
4.94887708395e-09
5.30312881024e-09
5.65567975608e-09
5.99937615697e-09
6.34012870056e-09
6.68085302531e-09
7.02422462133e-09
7.37824968748e-09
7.73938777194e-09
8.0962482666e-09
8.45079800923e-09
8.81175954948e-09
9.17987086901e-09
9.55506014165e-09
9.9354635059e-09
1.03136653271e-08
1.06844045279e-08
1.10465414299e-08
1.14034603653e-08
1.17581524176e-08
1.21066363233e-08
1.24481709692e-08
1.27854404872e-08
1.31194445457e-08
1.34556544465e-08
1.3793270037e-08
1.41287574069e-08
1.44599110399e-08
1.47796780042e-08
1.50889994147e-08
1.5394999294e-08
1.56981619031e-08
1.6003812127e-08
1.63250324295e-08
1.66673447163e-08
1.7025784429e-08
1.73899055809e-08
1.77471729778e-08
1.80896284873e-08
1.84259194791e-08
1.87703072253e-08
1.91229150342e-08
1.9477743101e-08
1.98305356953e-08
2.01791161118e-08
2.05253606699e-08
2.08716779231e-08
2.121901619e-08
2.15664599709e-08
2.19109190618e-08
2.22480542877e-08
2.25754859001e-08
2.28997013787e-08
2.322730443e-08
2.35561828943e-08
2.38830267579e-08
2.42095181334e-08
2.45395805184e-08
2.48742218916e-08
2.5211128842e-08
2.55484480812e-08
2.5884136292e-08
2.62164535243e-08
2.65436476512e-08
2.68667469465e-08
2.71859975007e-08
2.74969659087e-08
2.77989658136e-08
2.80999503797e-08
2.84049413463e-08
2.87104992482e-08
2.90111413685e-08
2.93033018294e-08
2.95887842467e-08
2.98714349969e-08
3.01497321358e-08
3.04213808418e-08
3.06903467722e-08
3.09593303452e-08
3.12312525388e-08
3.1513443913e-08
3.18022173244e-08
3.20807327199e-08
3.23340006985e-08
3.2565843515e-08
3.27902296227e-08
3.30095726091e-08
3.32187289041e-08
3.34163193331e-08
3.3606343211e-08
3.37910989365e-08
3.39689937666e-08
3.4139347614e-08
3.43036792421e-08
3.44654154105e-08
3.46269597037e-08
3.4792083833e-08
3.49625386681e-08
3.51315089355e-08
3.5300502049e-08
3.5477804874e-08
3.56588144361e-08
3.58377006993e-08
3.60146869031e-08
3.61882672647e-08
3.63595819747e-08
3.6530554965e-08
3.67000996221e-08
3.68681764145e-08
3.7034655627e-08
3.71992986803e-08
3.73614655446e-08
3.75196906522e-08
3.76732834942e-08
3.78203179267e-08
3.79611926659e-08
3.80985788589e-08
3.82329315968e-08
3.83647399571e-08
3.84960258528e-08
3.86299422384e-08
3.87649495106e-08
3.88932267983e-08
3.90113350119e-08
3.91269953118e-08
3.92466444024e-08
3.9366073109e-08
3.94823643782e-08
3.95961865343e-08
3.97076207905e-08
3.98213500725e-08
3.99418257534e-08
4.00640645827e-08
4.01820809685e-08
4.02999883522e-08
4.04197027058e-08
4.05352303684e-08
4.06435654405e-08
4.07455569124e-08
4.08427836677e-08
4.09336674091e-08
4.10146982347e-08
4.10857628688e-08
4.11526537327e-08
4.12226510138e-08
4.12968414385e-08
4.13710708816e-08
4.1441597327e-08
4.15097828372e-08
4.1572188225e-08
4.16256608386e-08
4.16785426534e-08
4.1734796795e-08
4.17891939839e-08
4.1838890432e-08
4.18899940168e-08
4.19495041924e-08
4.20147119405e-08
4.20768135085e-08
4.21312103348e-08
4.21776712466e-08
4.22170944297e-08
4.22521352348e-08
4.22838202068e-08
4.23150836544e-08
4.23509219534e-08
4.23932320635e-08
4.24385580386e-08
4.24816094076e-08
4.25227928701e-08
4.25605840518e-08
4.25914626419e-08
4.26199462298e-08
4.26515830738e-08
4.26872910256e-08
4.27288062924e-08
4.27763960147e-08
4.2829451953e-08
4.28879823915e-08
4.29516758363e-08
4.302286544e-08
4.30994282284e-08
4.31758328526e-08
4.3249323657e-08
4.33212403347e-08
4.33978375845e-08
4.34846246832e-08
4.35807444654e-08
4.36804113244e-08
4.37788953844e-08
4.38761167378e-08
4.39746173888e-08
4.40761783019e-08
4.41828715167e-08
4.42926406827e-08
4.44001507399e-08
4.45069524221e-08
4.46153941651e-08
4.47241590339e-08
4.48337165046e-08
4.4944222902e-08
4.50581910407e-08
4.51800712651e-08
4.53121757896e-08
4.54552889007e-08
4.56015920315e-08
4.57405928996e-08
4.5870290024e-08
4.59951469298e-08
4.61236091441e-08
4.62604212647e-08
4.64014059211e-08
4.65419441256e-08
4.66847711649e-08
4.68336559138e-08
4.6984203882e-08
4.71289989018e-08
4.72637575314e-08
4.73843563391e-08
4.74904404674e-08
4.75859263005e-08
4.76733310424e-08
4.77549004909e-08
4.78331679017e-08
4.79144489386e-08
4.80032101671e-08
4.80945795619e-08
4.81898418948e-08
4.82956754679e-08
4.84102606541e-08
4.85284270025e-08
4.86460313045e-08
4.87617154646e-08
4.88758802603e-08
4.8991111497e-08
4.91093618377e-08
4.92232326238e-08
4.93267166862e-08
4.94201952177e-08
4.95068867705e-08
4.95888838374e-08
4.96633991235e-08
4.97311243037e-08
4.97953467213e-08
4.9857580818e-08
4.99218903979e-08
4.99920682075e-08
5.00676825146e-08
5.01482903159e-08
5.02352741763e-08
5.03304152189e-08
5.04353911455e-08
5.05470836429e-08
5.065565246e-08
5.07536990381e-08
5.08408251883e-08
5.09199214042e-08
5.09937337371e-08
5.10622205036e-08
5.11229451244e-08
5.11760476277e-08
5.12238462616e-08
5.12660505473e-08
5.12736774935e-08
5.12827865801e-08
5.12928131359e-08
5.13045849032e-08
5.13159401609e-08
5.13280781836e-08
5.13418270734e-08
5.13597554832e-08
5.13815529235e-08
5.14062364858e-08
5.14320089559e-08
5.14569850458e-08
5.14780620732e-08
5.14941533859e-08
5.15080027424e-08
5.15203116936e-08
5.1531891491e-08
5.15492871785e-08
5.15747151898e-08
5.16001603593e-08
5.16197589229e-08
5.16362534746e-08
5.16557492728e-08
5.16803455307e-08
5.17069223807e-08
5.17332386314e-08
5.17605666999e-08
5.17900019358e-08
5.18211143066e-08
5.18531253577e-08
5.18859497591e-08
5.19196356745e-08
5.19531372532e-08
5.19849825319e-08
5.20117638187e-08
5.20337485923e-08
5.20558224229e-08
5.20778883866e-08
5.20955088204e-08
5.21083852559e-08
5.2119466405e-08
5.21312778658e-08
5.21450916174e-08
5.21607428713e-08
5.21782197579e-08
5.21994846701e-08
5.22242610735e-08
5.22503403918e-08
5.2277192134e-08
5.23062157622e-08
5.23401080061e-08
5.23790493976e-08
5.24226441568e-08
5.24703622716e-08
5.25199690911e-08
5.2571354436e-08
5.26291750231e-08
5.26948288513e-08
5.27625184052e-08
5.28310505192e-08
5.29046180056e-08
5.29851719877e-08
5.30727915115e-08
5.31644830146e-08
5.32588939574e-08
5.33599803991e-08
5.34699826598e-08
5.3589093983e-08
5.37157068854e-08
5.3846690399e-08
5.39787496534e-08
5.41113578182e-08
5.42460277532e-08
5.43820288344e-08
5.451699717e-08
5.46526911489e-08
5.47910574143e-08
5.49303449262e-08
5.50672306136e-08
5.52018739265e-08
5.53346726732e-08
5.54689944446e-08
5.56090421988e-08
5.57561741419e-08
5.59096224467e-08
5.60708793895e-08
5.62399727764e-08
5.64147865903e-08
5.65916060179e-08
5.67700128524e-08
5.6952554463e-08
5.71400484723e-08
5.73318828996e-08
5.75264364892e-08
5.77202113838e-08
5.79155299189e-08
5.81168010119e-08
5.83249200031e-08
5.85391389315e-08
5.87580690233e-08
5.89841845674e-08
5.92160490463e-08
5.94526182261e-08
5.96961372119e-08
5.99433470349e-08
6.01891949781e-08
6.04402725702e-08
6.07007767046e-08
6.09683168334e-08
6.1239889292e-08
6.15116051363e-08
6.17818456656e-08
6.20520678583e-08
6.23237912053e-08
6.26033475377e-08
6.28904179815e-08
6.31839219395e-08
6.34863424546e-08
6.37982294596e-08
6.41173975706e-08
6.44410574031e-08
6.47667841625e-08
6.50983743618e-08
6.54337629356e-08
6.57704971821e-08
6.61115649357e-08
6.64577795181e-08
6.68068680253e-08
6.71576793519e-08
6.75072200691e-08
6.78535684573e-08
6.81977094084e-08
6.8546124083e-08
6.88996572574e-08
6.92577093223e-08
6.96203799334e-08
6.99886287883e-08
7.03624277646e-08
7.07424801759e-08
7.11295141677e-08
7.15192811234e-08
7.1907744547e-08
7.22924132824e-08
7.26766502577e-08
7.30626513942e-08
7.34550081218e-08
7.38564525977e-08
7.42642498301e-08
7.46726917398e-08
7.50808492181e-08
7.54910037301e-08
7.59004913459e-08
7.63056521724e-08
7.6709173992e-08
7.71103650456e-08
7.75095153374e-08
7.79054580541e-08
7.83011304314e-08
7.86987315118e-08
7.9100480953e-08
7.95065757622e-08
7.99156164082e-08
8.03318998222e-08
8.07599936151e-08
8.11922217007e-08
8.1617200457e-08
8.2034985193e-08
8.24515398485e-08
8.2865868524e-08
8.32821349399e-08
8.36997954041e-08
8.41184176087e-08
8.45401312504e-08
8.49645854166e-08
8.53874446716e-08
8.5806756127e-08
8.62217106379e-08
8.66326774411e-08
8.70424908139e-08
8.74532021534e-08
8.78664594924e-08
8.82832223082e-08
8.8702142939e-08
8.91206782628e-08
8.95359822378e-08
8.99414674212e-08
9.03431708449e-08
9.07444263337e-08
9.1146800782e-08
9.15504556699e-08
9.19545413597e-08
9.23596366313e-08
9.27652972534e-08
9.31697797746e-08
9.35718703628e-08
9.39717534016e-08
9.43717379674e-08
9.47750728032e-08
9.51846375176e-08
9.55990367498e-08
9.60140570817e-08
9.64293280333e-08
9.68470977057e-08
9.72667056129e-08
9.76863915117e-08
9.81052682209e-08
9.85226584871e-08
9.89393239555e-08
9.93506905218e-08
9.97636339997e-08
1.00179516983e-07
1.00598033451e-07
1.01017985248e-07
1.01438227848e-07
1.01858318085e-07
1.02279211037e-07
1.02702476086e-07
1.03128015775e-07
1.03556721622e-07
1.03992519562e-07
