0
-1.94678539172e-13
-5.36751176275e-12
-2.72909937649e-11
-6.60029136599e-11
-1.13292521594e-10
-1.63617098273e-10
-2.31735885755e-10
-3.2490644499e-10
-4.3615336731e-10
-5.58036595129e-10
-6.9374733613e-10
-8.45033567621e-10
-1.00329250123e-09
-1.16667713538e-09
-1.34053078946e-09
-1.52488292607e-09
-1.71458808711e-09
-1.90764148076e-09
-2.10819048884e-09
-2.31817973189e-09
-2.53449068433e-09
-2.74698734923e-09
-2.95583389176e-09
-3.16354739443e-09
-3.35681822021e-09
-3.53419097857e-09
-3.70502810748e-09
-3.8769507106e-09
-4.0623853519e-09
-4.26095296535e-09
-4.45940887871e-09
-4.65289364598e-09
-4.83947027756e-09
-5.02725939188e-09
-5.23149255882e-09
-5.44740904457e-09
-5.66245696007e-09
-5.87512495082e-09
-6.08103125226e-09
-6.27671741407e-09
-6.46863839531e-09
-6.65830794428e-09
-6.85086878084e-09
-7.0556192376e-09
-7.26722976887e-09
-7.47709901624e-09
-7.68505288144e-09
-7.89193328409e-09
-8.09426796759e-09
-8.28706283687e-09
-8.4728314139e-09
-8.66159663378e-09
-8.86156468119e-09
-9.06742651672e-09
-9.26563819407e-09
-9.45448280911e-09
-9.6410341878e-09
-9.82710429047e-09
-1.00022720628e-08
-1.01605366756e-08
-1.03194154465e-08
-1.04955259102e-08
-1.0689294681e-08
-1.08973470279e-08
-1.11175529967e-08
-1.13493284395e-08
-1.15879805876e-08
-1.18287426686e-08
-1.20824113018e-08
-1.23587989591e-08
-1.2649033767e-08
-1.29438890829e-08
-1.32410783391e-08
-1.35376119934e-08
-1.383173366e-08
-1.41235904673e-08
-1.44129272724e-08
-1.47002500861e-08
-1.49852211942e-08
-1.52675988371e-08
-1.55513289561e-08
-1.58373192843e-08
-1.61229091105e-08
-1.64084227637e-08
-1.66947492771e-08
-1.69829352476e-08
-1.72777236362e-08
-1.75799148819e-08
-1.78866727863e-08
-1.81996540481e-08
-1.85188054302e-08
-1.88360342884e-08
-1.91485470383e-08
-1.94578125298e-08
-1.97619041936e-08
-2.00609535762e-08
-2.03560768471e-08
-2.06495987911e-08
-2.09454767733e-08
-2.12460376175e-08
-2.15501978335e-08
-2.18535181267e-08
-2.21549975116e-08
-2.24577888193e-08
-2.27645439248e-08
-2.30774179031e-08
-2.34001080761e-08
-2.3731383404e-08
-2.40616546865e-08
-2.43816790429e-08
-2.46914109334e-08
-2.49931676646e-08
-2.52863359549e-08
-2.5575808096e-08
-2.58635432615e-08
-2.61455573981e-08
-2.64227865073e-08
-2.66960926639e-08
-2.69653908022e-08
-2.7231767012e-08
-2.74941188744e-08
-2.77551678222e-08
-2.80157162054e-08
-2.82718613557e-08
-2.85259335934e-08
-2.87811793409e-08
-2.90385323439e-08
-2.93008267092e-08
-2.95702698512e-08
-2.98459586038e-08
-3.01234223408e-08
-3.03985663133e-08
-3.06714166644e-08
-3.09433768593e-08
-3.12150851035e-08
-3.14877890697e-08
-3.17663791903e-08
-3.20527489377e-08
-3.23426535595e-08
-3.26333866195e-08
-3.29202352647e-08
-3.31991710696e-08
-3.34733703711e-08
-3.37482345011e-08
-3.4027182063e-08
-3.43092932543e-08
-3.4593234264e-08
-3.48776376828e-08
-3.51614039781e-08
-3.54472981898e-08
-3.57364371667e-08
-3.60259815356e-08
-3.63148593971e-08
-3.66009582735e-08
-3.68824202651e-08
-3.71630611236e-08
-3.74460064202e-08
-3.77305985699e-08
-3.80107553235e-08
-3.82823072585e-08
-3.85499424459e-08
-3.88188188026e-08
-3.90910838243e-08
-3.93630345863e-08
-3.96309204015e-08
-3.98981006664e-08
-4.01677861878e-08
-4.04431560941e-08
-4.07284985617e-08
-4.10205939376e-08
-4.13094017556e-08
-4.15862856325e-08
-4.18473920163e-08
-4.2096209353e-08
-4.23397273269e-08
-4.25802928414e-08
-4.28187494081e-08
-4.30552625057e-08
-4.32910571575e-08
-4.35298572496e-08
-4.37715496618e-08
-4.40152553247e-08
-4.42615240028e-08
-4.45068339737e-08
-4.4747777312e-08
-4.49882565856e-08
-4.52333810236e-08
-4.54801269143e-08
-4.57272573077e-08
-4.59797713877e-08
-4.62365315575e-08
-4.6492520384e-08
-4.67466204273e-08
-4.69986203658e-08
-4.7244842783e-08
-4.74847583712e-08
-4.77225625109e-08
-4.79576936116e-08
-4.81889396676e-08
-4.84141515313e-08
-4.86287891636e-08
-4.88348743584e-08
-4.90360697944e-08
-4.92342525826e-08
-4.94336888142e-08
-4.96369863217e-08
-4.98406577816e-08
-5.00405072089e-08
-5.02373307753e-08
-5.04312463523e-08
-5.06214014245e-08
-5.08109789363e-08
-5.10026088797e-08
-5.11933796548e-08
-5.13852592946e-08
-5.15823858453e-08
-5.17793535093e-08
-5.19721781984e-08
-5.21619773635e-08
-5.23523938886e-08
-5.25476584188e-08
-5.27460863886e-08
-5.29429089317e-08
-5.31366525723e-08
-5.33274553268e-08
-5.35166774419e-08
-5.37083304195e-08
-5.39022037877e-08
-5.40932753871e-08
-5.42805585489e-08
-5.44688538873e-08
-5.46584933786e-08
-5.48430439959e-08
-5.50196705591e-08
-5.51884661096e-08
-5.53508021213e-08
-5.55129164453e-08
-5.56787699761e-08
-5.58483604901e-08
-5.60184616624e-08
-5.61864495038e-08
-5.63547140432e-08
-5.65240293078e-08
-5.66971282476e-08
-5.68788689175e-08
-5.70700044901e-08
-5.7270532427e-08
-5.74791715668e-08
-5.76883733377e-08
-5.788858894e-08
-5.80780517671e-08
-5.82643821702e-08
-5.8452976395e-08
-5.86363053738e-08
-5.88093616492e-08
-5.8981462648e-08
-5.91604693743e-08
-5.93443488201e-08
-5.95271496659e-08
-5.97051889931e-08
-5.98792847244e-08
-6.00527636077e-08
-6.02268910558e-08
-6.04014869534e-08
-6.0578894783e-08
-6.0760758806e-08
-6.09477289392e-08
-6.1137157408e-08
-6.13209322457e-08
-6.14970440047e-08
-6.166798658e-08
-6.18376124435e-08
-6.20098909836e-08
-6.21824989194e-08
-6.23539634487e-08
-6.25262307151e-08
-6.26977959138e-08
-6.28632123603e-08
-6.30186324189e-08
-6.31701831979e-08
-6.33247062263e-08
-6.34800743355e-08
-6.36358881794e-08
-6.37932117204e-08
-6.39487116936e-08
-6.41009590608e-08
-6.42523706719e-08
-6.44038783194e-08
-6.45559486658e-08
-6.4586538342e-08
-6.46251165508e-08
-6.46702088492e-08
-6.47271934803e-08
-6.47854522085e-08
-6.48443078162e-08
-6.49024272714e-08
-6.49717642522e-08
-6.50564274887e-08
-6.51579472526e-08
-6.52728407533e-08
-6.53995185534e-08
-6.55408614868e-08
-6.56943565382e-08
-6.58458657754e-08
-6.5992013485e-08
-6.61359214473e-08
-6.62815204446e-08
-6.64283956223e-08
-6.65755883218e-08
-6.67232602869e-08
-6.68687851588e-08
-6.70104389065e-08
-6.71486215471e-08
-6.72878930129e-08
-6.74302363895e-08
-6.75701639311e-08
-6.77060373169e-08
-6.78409796077e-08
-6.7978145318e-08
-6.81178063911e-08
-6.82593722277e-08
-6.84006655643e-08
-6.8541539112e-08
-6.86829945078e-08
-6.88246085124e-08
-6.89640953488e-08
-6.90997505447e-08
-6.9231934917e-08
-6.93611578049e-08
-6.94850394917e-08
-6.96051123776e-08
-6.9724849248e-08
-6.98471185977e-08
-6.99720378449e-08
-7.00999488767e-08
-7.02279876849e-08
-7.0351110434e-08
-7.04723172948e-08
-7.05956170585e-08
-7.07201780642e-08
-7.08439064601e-08
-7.0970147175e-08
-7.11003179176e-08
-7.12315746509e-08
-7.13613302793e-08
-7.14891942273e-08
-7.16179712644e-08
-7.17494601911e-08
-7.18858421973e-08
-7.2026553121e-08
-7.21676385477e-08
-7.23081858646e-08
-7.24500497226e-08
-7.25948795218e-08
-7.27382912904e-08
-7.28743673819e-08
-7.30049898521e-08
-7.31328274484e-08
-7.32566606594e-08
-7.33757260835e-08
-7.3491372994e-08
-7.36048070089e-08
-7.37186372703e-08
-7.38329678661e-08
-7.39475774744e-08
-7.40649056581e-08
-7.41848935074e-08
-7.43040435142e-08
-7.44249288141e-08
-7.45481935851e-08
-7.46695573435e-08
-7.47883710566e-08
-7.49070646536e-08
-7.50265842672e-08
-7.51472919128e-08
-7.52677405558e-08
-7.53858688178e-08
-7.55010653233e-08
-7.56168952622e-08
-7.57348706568e-08
-7.58536467728e-08
-7.59717888269e-08
-7.60873569309e-08
-7.61992287135e-08
-7.63087055859e-08
-7.64154899771e-08
-7.65186401757e-08
-7.66189525817e-08
-7.67163730585e-08
-7.68097857202e-08
-7.68983178352e-08
-7.69835842568e-08
-7.70673005857e-08
-7.71518579066e-08
-7.72384181272e-08
-7.73279054931e-08
-7.74219879346e-08
-7.75184906133e-08
-7.76122257751e-08
-7.77029046829e-08
-7.77939438446e-08
-7.78863903956e-08
-7.79763399819e-08
-7.80618481315e-08
-7.81445765594e-08
-7.82268883149e-08
-7.8310505707e-08
-7.83937812951e-08
-7.8473156291e-08
-7.85498483982e-08
-7.8627108676e-08
-7.87100346509e-08
-7.87997370501e-08
-7.88932331282e-08
-7.89900709949e-08
-7.90913020808e-08
-7.91967810379e-08
-7.93034121684e-08
-7.94074110574e-08
-7.95086578701e-08
-7.96098852047e-08
-7.97140098794e-08
-7.98192483458e-08
-7.99226150302e-08
-8.00249974272e-08
-8.01302591922e-08
-8.02396898431e-08
-8.03522768432e-08
-8.04687410165e-08
-8.05911489038e-08
-8.07172741525e-08
-8.08416411564e-08
-8.09627446293e-08
-8.10793681991e-08
-8.11909977153e-08
-8.12981984129e-08
-8.14029769393e-08
-8.15054243331e-08
-8.16028454492e-08
-8.16948853654e-08
-8.17844715803e-08
-8.18737057166e-08
-8.19640522574e-08
-8.20556829594e-08
-8.21491955902e-08
-8.22452209638e-08
-8.23444361052e-08
-8.24453850661e-08
-8.2545131459e-08
-8.26422516854e-08
-8.27382097692e-08
-8.28321171566e-08
-8.29209760131e-08
-8.30066192921e-08
-8.30887027751e-08
-8.31661455001e-08
-8.32437074109e-08
-8.33209819944e-08
-8.33953833812e-08
-8.34673203847e-08
-8.35346682699e-08
-8.35961106323e-08
-8.36568503134e-08
-8.37170445201e-08
-8.37703158351e-08
-8.38167498052e-08
-8.38617283581e-08
-8.39070017798e-08
-8.39513105276e-08
-8.39919363606e-08
-8.40288815712e-08
-8.40663690547e-08
-8.41055338461e-08
-8.41425945544e-08
-8.41745665736e-08
-8.42019436783e-08
-8.42222434891e-08
-8.42329750848e-08
-8.42360155014e-08
-8.42361901753e-08
-8.42340095004e-08
-8.42249179434e-08
-8.42091035141e-08
-8.41894353107e-08
-8.41696530748e-08
-8.41520281682e-08
-8.41332364218e-08
-8.41146195282e-08
-8.41011772919e-08
-8.40909890544e-08
-8.40800223203e-08
-8.40682014415e-08
-8.40557735795e-08
-8.40405728926e-08
-8.40232454198e-08
-8.4006516393e-08
-8.39889593778e-08
-8.39697215593e-08
-8.39500977563e-08
-8.39280837125e-08
-8.39011031761e-08
-8.38704990813e-08
-8.38376601307e-08
-8.38045923414e-08
-8.37734504532e-08
-8.37437736974e-08
-8.3713705283e-08
-8.368095845e-08
-8.36427007432e-08
