0
1.32907090498e-12
3.79352160254e-12
9.87286103298e-12
1.14977217447e-11
-5.84612705707e-12
-4.98305583961e-11
-1.18679320676e-10
-2.05909505463e-10
-3.11420605828e-10
-4.39114415696e-10
-5.92359270024e-10
-7.72724826291e-10
-9.75354922043e-10
-1.1876104059e-09
-1.40733445083e-09
-1.63985485886e-09
-1.88673598931e-09
-2.14662783871e-09
-2.42040942199e-09
-2.7046821551e-09
-2.99637398398e-09
-3.30540969713e-09
-3.62831198875e-09
-3.94910515709e-09
-4.27172733923e-09
-4.60469776335e-09
-4.9488770843e-09
-5.30312881053e-09
-5.6556797563e-09
-5.99937615711e-09
-6.34012870062e-09
-6.6808530253e-09
-7.02422462125e-09
-7.37824968732e-09
-7.73938777171e-09
-8.09624826627e-09
-8.45079800878e-09
-8.81175954887e-09
-9.17987086819e-09
-9.55506014065e-09
-9.93546350476e-09
-1.03136653259e-08
-1.06844045265e-08
-1.10465414284e-08
-1.14034603636e-08
-1.17581524158e-08
-1.21066363213e-08
-1.24481709669e-08
-1.27854404847e-08
-1.31194445429e-08
-1.34556544435e-08
-1.37932700337e-08
-1.41287574032e-08
-1.44599110359e-08
-1.47796779997e-08
-1.50889994098e-08
-1.53949992886e-08
-1.56981618973e-08
-1.60038121208e-08
-1.6325032423e-08
-1.66673447095e-08
-1.70257844219e-08
-1.73899055736e-08
-1.77471729701e-08
-1.80896284793e-08
-1.84259194708e-08
-1.87703072167e-08
-1.91229150252e-08
-1.94777430917e-08
-1.98305356857e-08
-2.01791161018e-08
-2.05253606597e-08
-2.08716779126e-08
-2.12190161792e-08
-2.15664599598e-08
-2.19109190505e-08
-2.22480542761e-08
-2.25754858881e-08
-2.28997013664e-08
-2.32273044174e-08
-2.35561828814e-08
-2.38830267446e-08
-2.42095181197e-08
-2.45395805044e-08
-2.48742218772e-08
-2.52111288272e-08
-2.55484480658e-08
-2.58841362761e-08
-2.62164535078e-08
-2.65436476342e-08
-2.6866746929e-08
-2.71859974827e-08
-2.74969658899e-08
-2.77989657941e-08
-2.80999503594e-08
-2.84049413251e-08
-2.87104992262e-08
-2.90111413457e-08
-2.93033018057e-08
-2.95887842222e-08
-2.98714349716e-08
-3.01497321097e-08
-3.04213808149e-08
-3.06903467445e-08
-3.09593303167e-08
-3.12312525097e-08
-3.15134438833e-08
-3.18022172939e-08
-3.20807326886e-08
-3.23340006664e-08
-3.25658434819e-08
-3.27902295886e-08
-3.30095725739e-08
-3.32187288679e-08
-3.34163192956e-08
-3.36063431723e-08
-3.37910988966e-08
-3.39689937253e-08
-3.41393475714e-08
-3.43036791982e-08
-3.4465415365e-08
-3.46269596566e-08
-3.47920837843e-08
-3.49625386176e-08
-3.51315088831e-08
-3.53005019948e-08
-3.54778048179e-08
-3.56588143782e-08
-3.58377006394e-08
-3.60146868413e-08
-3.6188267201e-08
-3.63595819091e-08
-3.65305548976e-08
-3.67000995528e-08
-3.68681763435e-08
-3.70346555543e-08
-3.7199298606e-08
-3.73614654685e-08
-3.75196905743e-08
-3.76732834145e-08
-3.78203178452e-08
-3.79611925826e-08
-3.80985787737e-08
-3.82329315097e-08
-3.83647398681e-08
-3.84960257619e-08
-3.86299421456e-08
-3.87649494161e-08
-3.8893226702e-08
-3.90113349138e-08
-3.91269952119e-08
-3.92466443005e-08
-3.93660730052e-08
-3.94823642724e-08
-3.95961864264e-08
-3.97076206805e-08
-3.98213499604e-08
-3.99418256393e-08
-4.00640644665e-08
-4.01820808504e-08
-4.0299988232e-08
-4.04197025834e-08
-4.0535230244e-08
-4.06435653141e-08
-4.0745556784e-08
-4.08427835374e-08
-4.09336672769e-08
-4.10146981006e-08
-4.10857627327e-08
-4.11526535944e-08
-4.12226508732e-08
-4.12968412957e-08
-4.13710707366e-08
-4.14415971797e-08
-4.15097826878e-08
-4.15721880734e-08
-4.16256606848e-08
-4.16785424976e-08
-4.17347966374e-08
-4.17891938243e-08
-4.18388902704e-08
-4.1889993853e-08
-4.19495040264e-08
-4.20147117723e-08
-4.2076813338e-08
-4.21312101619e-08
-4.21776710713e-08
-4.22170942518e-08
-4.22521350543e-08
-4.22838200238e-08
-4.23150834688e-08
-4.23509217652e-08
-4.23932318728e-08
-4.24385578453e-08
-4.24816092117e-08
-4.25227926715e-08
-4.25605838505e-08
-4.25914624378e-08
-4.26199460229e-08
-4.2651582864e-08
-4.26872908131e-08
-4.27288060771e-08
-4.27763957966e-08
-4.28294517319e-08
-4.28879821674e-08
-4.29516756091e-08
-4.30228652096e-08
-4.30994279947e-08
-4.31758326157e-08
-4.32493234169e-08
-4.33212400913e-08
-4.33978373376e-08
-4.34846244328e-08
-4.35807442112e-08
-4.36804110662e-08
-4.37788951219e-08
-4.38761164705e-08
-4.39746171168e-08
-4.4076178025e-08
-4.4182871235e-08
-4.42926403961e-08
-4.44001504485e-08
-4.45069521257e-08
-4.46153938637e-08
-4.47241587275e-08
-4.48337161933e-08
-4.49442225858e-08
-4.50581907199e-08
-4.51800709399e-08
-4.53121754601e-08
-4.54552885669e-08
-4.56015916934e-08
-4.57405925572e-08
-4.58702896771e-08
-4.59951465785e-08
-4.61236087881e-08
-4.62604209038e-08
-4.64014055554e-08
-4.65419437551e-08
-4.66847707898e-08
-4.68336555344e-08
-4.69842034983e-08
-4.71289985138e-08
-4.72637571392e-08
-4.73843559424e-08
-4.74904400659e-08
-4.75859258942e-08
-4.76733306311e-08
-4.77549000744e-08
-4.78331674801e-08
-4.79144485118e-08
-4.8003209735e-08
-4.80945791246e-08
-4.81898414524e-08
-4.82956750202e-08
-4.84102602012e-08
-4.85284265441e-08
-4.86460308406e-08
-4.87617149949e-08
-4.8875879785e-08
-4.89911110159e-08
-4.91093613507e-08
-4.92232321307e-08
-4.93267161868e-08
-4.94201947118e-08
-4.9506886258e-08
-4.95888833183e-08
-4.96633985978e-08
-4.97311237713e-08
-4.97953461824e-08
-4.98575802727e-08
-4.9921889846e-08
-4.99920676491e-08
-5.00676819498e-08
-5.01482897449e-08
-5.02352735992e-08
-5.03304146358e-08
-5.04353905565e-08
-5.05470830479e-08
-5.0655651859e-08
-5.07536984307e-08
-5.08408245742e-08
-5.09199207831e-08
-5.09937331088e-08
-5.10622198684e-08
-5.11229444825e-08
-5.11760469792e-08
-5.12238456066e-08
-5.12660498859e-08
-5.12736768309e-08
-5.12827859159e-08
-5.12928124698e-08
-5.13045842347e-08
-5.131593949e-08
-5.13280775103e-08
-5.13418263977e-08
-5.13597548047e-08
-5.13815522414e-08
-5.14062357995e-08
-5.14320082647e-08
-5.14569843491e-08
-5.14780613704e-08
-5.14941526766e-08
-5.15080020265e-08
-5.15203109712e-08
-5.1531890762e-08
-5.15492864429e-08
-5.15747144476e-08
-5.16001596106e-08
-5.16197581679e-08
-5.16362527134e-08
-5.16557485055e-08
-5.16803447573e-08
-5.1706921601e-08
-5.17332378452e-08
-5.1760565907e-08
-5.17900011362e-08
-5.18211135004e-08
-5.18531245446e-08
-5.18859489391e-08
-5.19196348475e-08
-5.19531364194e-08
-5.19849816912e-08
-5.20117629712e-08
-5.2033747738e-08
-5.20558215617e-08
-5.20778875182e-08
-5.2095507945e-08
-5.21083843737e-08
-5.21194655161e-08
-5.21312769701e-08
-5.21450907151e-08
-5.21607419622e-08
-5.21782188418e-08
-5.21994837469e-08
-5.22242601432e-08
-5.22503394543e-08
-5.22771911893e-08
-5.23062148102e-08
-5.23401070467e-08
-5.23790484308e-08
-5.24226431825e-08
-5.24703612897e-08
-5.25199681016e-08
-5.2571353439e-08
-5.26291740188e-08
-5.26948278397e-08
-5.27625173861e-08
-5.28310494925e-08
-5.29046169712e-08
-5.29851709454e-08
-5.3072790461e-08
-5.3164481956e-08
-5.32588928905e-08
-5.3359979324e-08
-5.34699815766e-08
-5.3589092892e-08
-5.37157057866e-08
-5.38466892925e-08
-5.39787485391e-08
-5.4111356696e-08
-5.42460266231e-08
-5.43820276963e-08
-5.45169960235e-08
-5.4652689994e-08
-5.4791056251e-08
-5.49303437547e-08
-5.50672294343e-08
-5.52018727395e-08
-5.53346714784e-08
-5.54689932422e-08
-5.56090409885e-08
-5.57561729238e-08
-5.59096212209e-08
-5.60708781561e-08
-5.62399715355e-08
-5.64147853421e-08
-5.65916047624e-08
-5.67700115896e-08
-5.69525531928e-08
-5.71400471946e-08
-5.73318816141e-08
-5.75264351958e-08
-5.77202100825e-08
-5.79155286098e-08
-5.8116799695e-08
-5.83249186784e-08
-5.85391375991e-08
-5.87580676836e-08
-5.89841832207e-08
-5.9216047693e-08
-5.94526168665e-08
-5.96961358462e-08
-5.99433456634e-08
-6.0189193601e-08
-6.04402711873e-08
-6.07007753156e-08
-6.09683154385e-08
-6.12398878911e-08
-6.15116037298e-08
-6.17818442534e-08
-6.20520664406e-08
-6.2323789782e-08
-6.26033461086e-08
-6.28904165467e-08
-6.31839204986e-08
-6.34863410077e-08
-6.37982280067e-08
-6.41173961117e-08
-6.44410559385e-08
-6.4766782692e-08
-6.50983728854e-08
-6.54337614533e-08
-6.5770495694e-08
-6.61115634417e-08
-6.6457778018e-08
-6.6806866519e-08
-6.71576778393e-08
-6.75072185503e-08
-6.78535669322e-08
-6.81977078772e-08
-6.85461225454e-08
-6.88996557133e-08
-6.92577077717e-08
-6.96203783763e-08
-6.99886272247e-08
-7.03624261944e-08
-7.07424785992e-08
-7.11295125844e-08
-7.15192795337e-08
-7.19077429509e-08
-7.22924116796e-08
-7.26766486484e-08
-7.30626497787e-08
-7.34550065003e-08
-7.38564509703e-08
-7.42642481967e-08
-7.46726901005e-08
-7.50808475728e-08
-7.5491002079e-08
-7.59004896888e-08
-7.63056505095e-08
-7.67091723234e-08
-7.71103633715e-08
-7.75095136578e-08
-7.79054563693e-08
-7.83011287413e-08
-7.86987298166e-08
-7.91004792527e-08
-7.95065740569e-08
-7.99156146979e-08
-8.03318981071e-08
-8.07599918948e-08
-8.11922199752e-08
-8.16171987265e-08
-8.20349834575e-08
-8.24515381082e-08
-8.28658667788e-08
-8.32821331897e-08
-8.3699793649e-08
-8.41184158484e-08
-8.45401294848e-08
-8.49645836457e-08
-8.53874428951e-08
-8.58067543449e-08
-8.62217088506e-08
-8.66326756489e-08
-8.70424890169e-08
-8.74532003517e-08
-8.78664576862e-08
-8.82832204976e-08
-8.87021411236e-08
-8.91206764423e-08
-8.95359804123e-08
-8.99414655907e-08
-9.03431690095e-08
-9.07444244934e-08
-9.11467989371e-08
-9.15504538205e-08
-9.19545395059e-08
-9.23596347734e-08
-9.2765295392e-08
-9.316977791e-08
-9.3571868495e-08
-9.39717515304e-08
-9.43717360927e-08
-9.47750709249e-08
-9.51846356356e-08
-9.5599034864e-08
-9.60140551919e-08
-9.64293261393e-08
-9.68470958075e-08
-9.72667037102e-08
-9.76863896044e-08
-9.81052663091e-08
-9.85226565708e-08
-9.89393220348e-08
-9.93506885968e-08
-9.97636320704e-08
-1.00179515049e-07
-1.00598031513e-07
-1.01017983306e-07
-1.01438225902e-07
-1.01858316134e-07
-1.02279209082e-07
-1.02702474127e-07
-1.03128013811e-07
-1.03556719654e-07
-1.0399251759e-07
