0.0012
0.00163382
0.00175573
0.00189149
0.00202492
0.00216257
0.00229845
0.00243371
0.00256617
0.00269687
0.00282508
0.0029513
0.00307549
0.00319783
0.00331836
0.00343722
0.00355447
0.00367033
0.00378474
0.00389782
0.00400961
0.00412012
0.00422948
0.00433762
0.00444464
0.00455066
0.00465567
0.00475964
0.00486272
0.00496486
0.00506607
0.00516644
0.00526598
0.00536471
0.0054627
0.0055599
0.00565639
0.00575217
0.00584713
0.0059411
0.00603416
0.00612633
0.00621762
0.00630811
0.00639775
0.00648661
0.00657471
0.00666211
0.00674877
0.00683476
0.00692007
0.00700474
0.00708875
0.00717218
0.00725498
0.00733721
0.00741887
0.00749997
0.00758053
0.00766054
0.00774006
0.00781905
0.00789756
0.00797555
0.00805307
0.00813013
0.00820674
0.00828289
0.00835859
0.00843389
0.00850876
0.00858319
0.00865723
0.00873088
0.00880411
0.00887697
0.00894945
0.00902157
0.00909327
0.00916458
0.0092355
0.00930602
0.00937616
0.00944595
0.00951535
0.00958442
0.00965312
0.00972148
0.00978948
0.00985715
0.00992449
0.00999151
0.0100582
0.0101245
0.0101906
0.0102563
0.0103218
0.0103869
0.0104518
0.0105163
0.0105806
0.0106445
0.0107082
0.0107717
0.0108348
0.0108977
0.0109603
0.0110227
0.0110848
0.0111466
0.0112082
0.0112696
0.0113307
0.0113916
0.0114522
0.0115126
0.0115728
0.0116327
0.0116924
0.0117518
0.0118111
0.0118701
0.0119289
0.0119875
0.0120459
0.0121041
0.0121621
0.0122198
0.0122774
0.0123348
0.0123919
0.0124489
0.0125057
0.0125623
0.0126187
0.0126749
0.0127309
0.0127868
0.0128425
0.012898
0.0129533
0.0130085
0.0130634
0.0131182
0.0131729
0.0132273
0.0132816
0.0133358
0.0133898
0.0134436
0.0134972
0.0135508
0.0136041
0.0136573
0.0137103
0.0137632
0.013816
0.0138686
0.013921
0.0139733
0.0140255
0.0140775
0.0141294
0.0141811
0.0142327
0.0142842
0.0143355
0.0143867
0.0144378
0.0144888
0.0145396
0.0145903
0.0146408
0.0146913
0.0147416
0.0147918
0.0148418
0.0148918
0.0149416
0.0149913
0.0150409
0.0150904
0.0151397
0.0151889
0.0152381
0.0152871
0.015336
0.0153848
0.0154334
0.015482
0.0155305
0.0155788
0.0156271
0.0156752
0.0157232
0.0157711
0.0158189
0.0158667
0.0159143
0.0159618
0.0160092
0.0160565
0.0161037
0.0161508
0.0161979
0.0162448
0.0162916
0.0163384
0.016385
0.0164316
0.016478
0.0165244
0.0165707
0.0166168
0.0166629
0.016709
0.0167549
0.0168007
0.0168464
0.0168921
0.0169377
0.0169832
0.0170286
0.0170739
0.0171192
0.0171643
0.0172094
0.0172544
0.0172993
0.0173442
0.0173889
0.0174336
0.0174782
0.0175227
0.0175672
0.0176116
0.0176559
0.0177001
0.0177443
0.0177884
0.0178324
0.0178763
0.0179202
0.017964
0.0180077
0.0180513
0.0180949
0.0181385
0.0181819
0.0182253
0.0182686
0.0183118
0.018355
0.0183981
0.0184412
0.0184841
0.018527
0.0185699
0.0186127
0.0186554
0.0186981
0.0187406
0.0187832
0.0188256
0.0188681
0.0189104
0.0189527
0.0189949
0.0190371
0.0190792
0.0191212
0.0191632
0.0192051
0.019247
0.0192888
0.0193305
0.0193722
0.0194139
0.0194555
0.019497
0.0195385
0.0195799
0.0196213
0.0196626
0.0197038
0.019745
0.0197862
0.0198273
0.0198683
0.0199093
0.0199175
0.0199278
0.0199399
0.0199549
0.0199699
0.019985
0.02
0.0200181
0.0200397
0.0200654
0.0200953
0.0201292
0.0201672
0.0202078
0.0202484
0.0202891
0.0203295
0.02037
0.0204104
0.0204507
0.020491
0.0205313
0.0205716
0.0206117
0.0206519
0.020692
0.0207319
0.0207719
0.0208118
0.0208518
0.0208915
0.0209313
0.0209711
0.0210109
0.0210505
0.0210901
0.0211297
0.0211693
0.0212087
0.0212481
0.0212875
0.021327
0.0213662
0.0214054
0.0214447
0.0214839
0.0215232
0.0215622
0.0216013
0.0216404
0.0216794
0.0217183
0.0217572
0.0217961
0.021835
0.0218738
0.0219125
0.0219512
0.0219899
0.0220286
0.0220673
0.0221058
0.0221443
0.0221828
0.0222214
0.0222599
0.0222982
0.0223365
0.0223748
0.0224131
0.0224514
0.0224898
0.0225279
0.022566
0.0226041
0.0226423
0.0226804
0.0227185
0.0227564
0.0227944
0.0228323
0.0228702
0.0229081
0.0229461
0.0229838
0.0230215
0.0230592
0.0230969
0.0231347
0.0231724
0.0232099
0.0232474
0.0232849
0.0233224
0.02336
0.0233975
0.023435
0.0234723
0.0235096
0.0235469
0.0235842
0.0236215
0.0236588
0.0236961
0.0237334
0.0237705
0.0238076
0.0238446
0.0238817
0.0239188
0.0239559
0.023993
0.02403
0.0240669
0.0241037
0.0241406
0.0241774
0.0242143
0.0242511
0.024288
0.0243248
0.0243615
0.0243981
0.0244347
0.0244713
0.0245079
0.0245445
0.0245811
0.0246178
0.0246544
0.024691
0.0247274
0.0247637
0.0248001
0.0248364
0.0248728
0.0249092
0.0249455
0.0249819
0.0250183
0.0250546
0.025091
0.0251271
0.0251632
0.0251993
0.0252354
0.0252715
0.0253076
0.0253437
0.0253797
0.0254158
0.0254519
0.025488
0.0255241
0.0255599
0.0255957
0.0256316
0.0256674
0.0257032
0.025739
0.0257748
0.0258106
0.0258464
0.0258822
0.025918
0.0259538
0.0259896
0.0260254
0.0260609
0.0260964
0.0261319
0.0261674
0.0262029
0.0262384
0.0262738
0.0263093
0.0263448
0.0263803
0.0264158
0.0264513
0.0264868
0.0265222
0.0265577
0.0265932
0.0266287
0.0266638
0.0266989
0.0267341
0.0267692
0.0268043
0.0268394
0.0268745
0.0269097
0.0269448
0.0269799
0.027015
0.0270501
0.0270852
0.0271204
0.0271555
0.0271906
0.0272257
0.0272608
0.0272959
0.0273311
0.0273662
0.0274013
0.0274364
0.0274711
0.0275057
0.0275403
0.027575
0.0276096
0.0276443
0.0276789
0.0277136
0.0277482
0.0277828
0.0278175
0.0278521
