0
-2.15330779611e-09
5.03050917108e-10
3.80812558649e-09
2.84273619082e-08
4.85969754606e-08
2.62176928216e-08
7.92803108321e-09
2.1420723112e-08
3.38903943296e-08
2.8376630751e-08
3.87034543666e-08
5.2293824104e-08
6.82083247158e-08
7.52367600596e-08
6.44087498011e-08
6.67400698968e-08
7.05353750325e-08
6.95480786941e-08
6.89379741425e-08
8.3905841112e-08
9.6798977499e-08
8.96829397956e-08
7.41901864788e-08
6.79621866455e-08
7.6098851421e-08
7.93252652572e-08
7.78371384056e-08
7.17722267892e-08
7.64363547726e-08
7.83751348397e-08
7.48611234794e-08
8.09603497497e-08
8.28668895093e-08
7.73263130147e-08
6.92703529729e-08
6.78267125752e-08
7.17179673826e-08
7.14524805051e-08
6.1417033707e-08
5.76858799169e-08
6.31251687188e-08
6.48792429286e-08
7.39630911344e-08
7.50079666914e-08
7.65567878116e-08
8.48996897581e-08
8.68311955665e-08
9.23624020525e-08
9.41334707839e-08
8.90552488402e-08
8.00807378459e-08
7.60718582623e-08
7.73540963539e-08
7.38816713044e-08
6.76559340172e-08
6.6552985642e-08
6.75939414165e-08
7.65443756507e-08
8.46868570733e-08
8.51037438503e-08
8.78339651173e-08
8.60011506525e-08
7.98587827749e-08
7.74036321183e-08
7.83866846201e-08
7.75516095799e-08
7.81102986862e-08
8.35989292168e-08
8.67212328498e-08
8.58056259274e-08
8.87282602662e-08
8.50339684346e-08
8.28171013925e-08
8.64558933489e-08
8.71787420389e-08
8.3343007994e-08
8.03857650189e-08
7.83083750623e-08
7.82960777411e-08
8.29054839249e-08
7.99391235358e-08
7.16538362304e-08
6.79769859237e-08
7.05190980808e-08
6.8006071604e-08
6.80690084417e-08
7.419627546e-08
7.64391394247e-08
5.35354589378e-08
6.30943952644e-08
8.43001490938e-08
5.80328129202e-08
5.46005563175e-08
9.20481450488e-08
8.94717115288e-08
7.15130916251e-08
8.00866026714e-08
7.19887573183e-08
6.81120168153e-08
6.80681863828e-08
6.17302383878e-08
6.43235611824e-08
7.02183172607e-08
6.806729709e-08
6.31736762095e-08
6.36282638491e-08
6.84861476465e-08
7.48638172588e-08
7.48829087462e-08
7.15799048755e-08
6.58864194535e-08
6.37932744677e-08
7.1491476837e-08
6.99058485093e-08
6.52040467787e-08
6.93795817996e-08
7.25728921779e-08
7.65614233435e-08
7.93164202325e-08
7.92283987997e-08
8.38434080216e-08
8.60411044516e-08
8.58334889938e-08
1.06669601418e-07
1.0006022312e-07
1.0501402648e-07
1.06060393149e-07
9.6265259654e-08
1.08367065292e-07
1.01780076216e-07
1.10916341111e-07
9.23029922349e-08
6.83792545746e-08
9.02263942445e-08
1.03607016021e-07
9.67921340927e-08
9.46727645918e-08
8.38175223959e-08
7.00406496142e-08
8.88026463585e-08
8.7553678483e-08
7.12606847654e-08
8.55192333877e-08
8.72705326832e-08
8.47701765056e-08
7.67280367849e-08
9.02397663628e-08
9.36792958812e-08
8.41735207607e-08
6.56723326247e-08
6.83482126377e-08
9.89328559133e-08
7.5672514809e-08
6.06447854759e-08
8.23900687362e-08
9.40192481878e-08
7.80339506929e-08
5.65753475459e-08
6.62731469707e-08
8.57502903012e-08
9.6116259973e-08
8.43136829631e-08
5.66426208671e-08
6.45618134029e-08
7.75709941456e-08
7.88269097796e-08
7.83116014993e-08
8.31665343173e-08
7.67307628074e-08
5.94704270303e-08
4.99228317538e-08
4.40676274819e-08
2.93628915392e-08
2.21536947608e-08
5.48956318794e-08
7.53167840367e-08
6.96610216175e-08
6.88443157431e-08
7.62783341597e-08
8.87782592694e-08
9.05185549634e-08
9.80688155998e-08
9.40193881052e-08
8.69353781026e-08
8.78788892189e-08
8.35325653089e-08
8.38616844531e-08
8.54649297567e-08
9.7022447921e-08
1.18453942521e-07
1.24890185822e-07
1.2145539614e-07
1.14809012933e-07
1.09356486399e-07
9.73877068742e-08
8.18510745903e-08
8.46610093994e-08
7.72412970483e-08
6.18960897272e-08
5.22769980218e-08
4.79613940174e-08
4.27615181125e-08
4.60972028083e-08
4.26002451272e-08
2.99800828356e-08
2.71726840177e-08
3.01343280408e-08
1.63273009242e-08
1.35021905623e-08
4.15281168916e-08
3.95328035752e-08
3.46388349049e-08
4.8723425998e-08
3.68208045986e-08
2.28112339455e-08
1.77506818421e-08
1.73683477402e-08
3.06763499728e-08
3.62037360961e-08
2.3706866453e-08
7.58815748206e-09
7.76417759424e-09
2.2105674612e-08
2.63635632201e-08
3.8070110936e-08
5.99004462799e-08
8.16690922667e-08
9.02978088807e-08
9.51340104242e-08
1.08595109423e-07
1.24145756432e-07
1.34642708823e-07
1.43333474187e-07
1.53973990717e-07
1.57732901137e-07
1.66563570034e-07
1.65778259638e-07
1.65244987353e-07
1.71823160256e-07
1.6658928014e-07
1.5303427923e-07
1.50330054283e-07
1.5544786998e-07
1.45479888758e-07
1.38485158642e-07
1.37846855761e-07
1.37589085816e-07
1.43811689139e-07
1.56708729307e-07
1.65251357302e-07
1.76779963153e-07
1.81752550336e-07
1.66827736804e-07
1.60468242884e-07
1.47907659133e-07
1.32065886419e-07
1.28615961651e-07
1.01578191805e-07
8.01746349268e-08
7.7650432372e-08
5.12530841218e-08
2.40615940193e-08
2.80609817589e-08
3.83049351364e-08
5.00500108808e-08
6.84410735309e-08
5.95114615032e-08
5.63817528572e-08
7.55882759e-08
9.20420520224e-08
1.04882001773e-07
1.16756901904e-07
1.19980664519e-07
1.26560507931e-07
1.41666150193e-07
1.5158812836e-07
1.40407726287e-07
1.39006140454e-07
1.66687605845e-07
1.82415490404e-07
1.82946339588e-07
1.63606545727e-07
1.40046730578e-07
1.40653369768e-07
1.3974821462e-07
1.43222134409e-07
1.50811936709e-07
1.49852960137e-07
1.58626427794e-07
1.53640315294e-07
1.53524699901e-07
1.60699766711e-07
1.58590976881e-07
1.45836814316e-07
1.26093425511e-07
1.11385889563e-07
1.04127441072e-07
1.04670000875e-07
1.01405639564e-07
1.10211644642e-07
1.38509387208e-07
1.48794097672e-07
1.38993736663e-07
1.4496758725e-07
1.49420870801e-07
1.40487476198e-07
1.29022939493e-07
1.36873981626e-07
1.46447221024e-07
1.54278600177e-07
1.66150018044e-07
1.87487546394e-07
2.30276577654e-07
2.56303143441e-07
2.41536577445e-07
2.09849604439e-07
1.957380532e-07
2.26985739997e-07
2.84807940991e-07
2.93581822346e-07
2.64875810489e-07
2.77316237409e-07
2.87788560175e-07
2.72116816147e-07
2.52194062732e-07
2.32522413339e-07
2.44382202181e-07
2.5069370901e-07
2.25911825868e-07
2.02983146832e-07
1.8230119794e-07
1.56052118503e-07
1.45028104348e-07
1.60039817867e-07
1.69452023841e-07
1.63715401311e-07
1.71503095889e-07
1.65785583831e-07
1.56465350153e-07
1.66778041365e-07
1.52256015718e-07
1.33226519235e-07
1.11417657001e-07
9.05658974901e-08
1.13650193564e-07
1.36062523989e-07
1.28591535562e-07
1.3312879205e-07
1.32937392244e-07
1.12595174367e-07
8.76455284234e-08
6.25916188574e-08
3.62927890072e-08
9.84270179367e-09
2.94147937921e-08
4.76713663413e-08
1.76770654082e-08
-1.98408526778e-08
-3.45207522693e-08
-3.21633574575e-08
-2.65155614488e-08
-1.73550489931e-08
-1.92460117582e-09
1.54648173269e-08
2.30341237862e-08
2.78103303033e-09
-3.29686744035e-08
-3.82207854003e-08
-6.3502650428e-08
-9.72949748798e-08
-9.67283052617e-08
-1.05914431544e-07
-1.21349846035e-07
-9.02465066684e-08
-5.78733894536e-08
-6.90814885964e-08
-8.03847074821e-08
-8.70060212424e-08
-1.01336537554e-07
-9.34237374838e-08
-8.97271288365e-08
-9.74438515254e-08
-8.05085999401e-08
-9.96550363305e-08
-1.19270712671e-07
-1.2980054989e-07
-1.55770902626e-07
-1.59163961117e-07
-1.3849107279e-07
-1.18538764725e-07
-1.41692531015e-07
-2.0239005102e-07
-2.15437969998e-07
-1.85688303827e-07
-1.5717563938e-07
-1.31567020829e-07
-1.26358752197e-07
-1.31272304405e-07
-1.52942778873e-07
-1.61875216626e-07
-1.76215495414e-07
-2.01508642926e-07
-2.07836555644e-07
-1.8564698157e-07
-1.75906578963e-07
-1.95406435199e-07
-1.74228528823e-07
-1.88654742176e-07
-2.22654876311e-07
-2.08092146853e-07
-1.61656048399e-07
-9.95808827386e-08
-1.03888928875e-07
-1.51970110405e-07
-1.28614359812e-07
-8.57898061879e-08
-3.8940175786e-08
-1.05231382037e-08
-3.27981293944e-08
-6.4704473191e-08
-1.14682722631e-07
-8.90728542525e-08
-5.65020900506e-08
-5.64356329713e-08
-2.50621704069e-08
-7.39573620357e-09
1.0865333656e-08
4.82239202147e-08
6.10839729424e-08
7.23650487489e-08
9.27984439406e-08
1.04390849563e-07
1.27129551548e-07
1.73386505597e-07
1.58559272308e-07
1.15588031826e-07
1.31341721109e-07
1.09356501692e-07
1.23396354323e-07
1.6603845994e-07
1.44434860639e-07
1.40274011548e-07
1.16178645903e-07
8.55039728216e-08
5.12449705066e-08
2.50934626415e-08
4.80068771235e-08
2.05633230614e-08
-5.21513477707e-08
-8.58040455242e-08
-1.17616268042e-07
-1.24038235728e-07
-9.09740648147e-08
-8.77782273477e-08
-6.18552549427e-08
-4.26530604613e-08
-1.11875924381e-07
-1.99286269023e-07
-2.01202140449e-07
-2.35566343997e-07
-3.14559577933e-07
-3.62881162583e-07
-3.74753262835e-07
-3.57521843304e-07
-3.20056168327e-07
-3.00469703201e-07
-2.74273770391e-07
-2.30135295571e-07
-2.08213102164e-07
-1.98898157352e-07
-1.56612074204e-07
-9.57954600688e-08
-7.18845353854e-08
-9.63339313114e-08
-1.34758433506e-07
-1.33070233295e-07
-1.20377245386e-07
-8.44291143492e-08
-3.47747053663e-08
-3.62223439473e-08
-3.94887288401e-08
-4.03256740804e-08
-5.37345593432e-08
-6.56854579254e-08
-7.67166880021e-08
-9.73566966218e-08
-7.23862057258e-08
-8.7827359547e-08
-1.75533331406e-07
-2.07287357098e-07
-1.87195080146e-07
-1.75494908398e-07
-1.83138597691e-07
-1.66697991608e-07
-1.37496571421e-07
-9.98567302352e-08
-7.3701285312e-08
-6.91537756784e-08
-5.83083611853e-08
-4.14038678164e-08
-3.463145313e-08
-6.29494003062e-08
-8.05219580223e-08
-8.62861577272e-08
-1.03276264567e-07
-8.28431379307e-08
-1.02389945322e-07
-1.53489289421e-07
-2.32417467837e-07
