0
-9.36809169461e-09
9.09991189869e-09
3.97023228692e-10
-1.37830744001e-08
-1.64821752771e-08
-3.37950964261e-08
-4.75891217e-08
-6.9719780429e-08
-7.37148453418e-08
-7.78982935979e-08
-7.91423616184e-08
-7.86346227303e-08
-7.31455891169e-08
-6.34705566661e-08
-8.54238935824e-08
-1.01337960247e-07
-9.23475749644e-08
-8.71145394659e-08
-9.07443794246e-08
-9.99708443972e-08
-9.04408406461e-08
-7.78215206886e-08
-9.76736520874e-08
-1.0881686528e-07
-1.0816660781e-07
-1.21361215115e-07
-1.2175803917e-07
-1.17163127777e-07
-1.21653924314e-07
-1.27293093019e-07
-1.32769506124e-07
-1.36350210105e-07
-1.37003792671e-07
-1.33486366513e-07
-1.30985876395e-07
-1.33550570018e-07
-1.31591187948e-07
-1.26724650295e-07
-1.2858646377e-07
-1.43560168167e-07
-1.38358412913e-07
-1.29762602764e-07
-1.44869763998e-07
-1.46736668036e-07
-1.47018664175e-07
-1.60547062034e-07
-1.6251993669e-07
-1.58109168522e-07
-1.61118229222e-07
-1.65987421691e-07
-1.57685807876e-07
-1.42169889722e-07
-1.38624579917e-07
-1.39292894089e-07
-1.33045097128e-07
-1.25434962472e-07
-1.19571782084e-07
-1.26398732079e-07
-1.37450137448e-07
-1.36601661951e-07
-1.37863957903e-07
-1.36186543726e-07
-1.35351312367e-07
-1.37335796885e-07
-1.33884052072e-07
-1.31456080093e-07
-1.33114343006e-07
-1.35495073299e-07
-1.36195086341e-07
-1.33661567449e-07
-1.31955050675e-07
-1.30282245122e-07
-1.30231803034e-07
-1.32217756049e-07
-1.28114587903e-07
-1.28383832265e-07
-1.28353076138e-07
-1.23743069343e-07
-1.27035474823e-07
-1.29175167798e-07
-1.28499274041e-07
-1.2747244078e-07
-1.28721793735e-07
-1.33556288583e-07
-1.3140565246e-07
-1.34873089437e-07
-1.3434918128e-07
-1.27107315956e-07
-1.24654371618e-07
-1.16169582688e-07
-1.13364081018e-07
-1.14666038804e-07
-1.05640877627e-07
-1.03399068541e-07
-1.08358229355e-07
-1.26948035512e-07
-1.24530745927e-07
-1.03015946937e-07
-1.19098268957e-07
-1.25745892071e-07
-1.0334108806e-07
-1.05216705841e-07
-9.2515579768e-08
-9.70719286583e-08
-1.1755491991e-07
-1.00767844515e-07
-9.38438802593e-08
-1.02417779935e-07
-1.08433745002e-07
-1.02757927217e-07
-1.00932443516e-07
-9.12673439167e-08
-8.08082429967e-08
-8.68934893118e-08
-9.30894446718e-08
-9.56281401139e-08
-9.69677622297e-08
-8.84308012958e-08
-8.22820071296e-08
-7.16460217655e-08
-8.06699649763e-08
-6.69344623769e-08
-5.91323947388e-08
-8.7249821976e-08
-8.62041375507e-08
-9.47285015501e-08
-8.12700626313e-08
-7.70506385933e-08
-8.21714175213e-08
-8.94584628351e-08
-8.05037057185e-08
-7.16883241599e-08
-9.31913699726e-08
-6.94464617945e-08
-7.88534312353e-08
-9.39641221735e-08
-7.33935556969e-08
-7.95152126326e-08
-7.75883824912e-08
-8.28795883485e-08
-9.33351007756e-08
-8.65020718765e-08
-7.21810743067e-08
-7.56191527663e-08
-9.92322481307e-08
-1.00910589759e-07
-9.55941067468e-08
-9.16489572646e-08
-9.53771080338e-08
-1.01098400848e-07
-1.00150313178e-07
-9.44645916454e-08
-1.01211986055e-07
-1.33411938941e-07
-1.23163870907e-07
-1.00514346756e-07
-1.10734332075e-07
-1.01602846237e-07
-9.20508947746e-08
-9.57152556824e-08
-9.16618730236e-08
-8.07355149037e-08
-9.22812597535e-08
-1.01495749522e-07
-8.96863866234e-08
-9.81519713889e-08
-1.27907120997e-07
-1.3694733588e-07
-1.03266531073e-07
-8.28914120393e-08
-9.23918542738e-08
-9.93159600724e-08
-8.27464148781e-08
-7.52352624399e-08
-1.02655579031e-07
-1.2316717984e-07
-1.1296563614e-07
-1.05198309803e-07
-1.04914701875e-07
-1.08820604472e-07
-1.20533501257e-07
-1.23565905743e-07
-1.13717821236e-07
-1.08338708428e-07
-1.27759546285e-07
-1.42084680442e-07
-1.31164935815e-07
-1.16577394801e-07
-1.08393728264e-07
-1.13493942924e-07
-1.16866093382e-07
-1.21503512006e-07
-1.21050153097e-07
-1.07876931027e-07
-1.24437271457e-07
-1.37405135054e-07
-1.39646013876e-07
-1.44451926833e-07
-1.51691698876e-07
-1.64238704026e-07
-1.69381428078e-07
-1.75420383864e-07
-1.67411275508e-07
-1.6791052233e-07
-1.83406024636e-07
-1.81670212178e-07
-1.80373091666e-07
-1.79881259092e-07
-1.79022040152e-07
-1.82508201058e-07
-1.79358678844e-07
-1.72184623389e-07
-1.60012190001e-07
-1.65109905868e-07
-1.66821665827e-07
-1.58213602365e-07
-1.61241099665e-07
-1.46339064476e-07
-1.65542836226e-07
-1.94535129264e-07
-1.67684763771e-07
-1.61823675889e-07
-1.79135908591e-07
-1.74611951316e-07
-1.71584617168e-07
-1.77094145998e-07
-1.7050302707e-07
-1.61334616024e-07
-1.65581976169e-07
-1.6739416208e-07
-1.65992791099e-07
-1.66719382831e-07
-1.72175484475e-07
-1.58933127443e-07
-1.50220213842e-07
-1.65701101443e-07
-1.51586896729e-07
-1.50457081047e-07
-1.48576513023e-07
-1.61093159443e-07
-1.77536115683e-07
-1.58534032361e-07
-1.72224424157e-07
-1.81401046493e-07
-1.78024917473e-07
-1.69448400051e-07
-1.64035732187e-07
-1.67753435175e-07
-1.58797696505e-07
-1.60445282089e-07
-1.52783397188e-07
-1.66680258179e-07
-2.01766351376e-07
-1.97393187365e-07
-2.0513495663e-07
-2.22003711751e-07
-2.24037222239e-07
-2.18785259896e-07
-1.91018936376e-07
-1.55951679891e-07
-1.60313679065e-07
-1.63074031973e-07
-1.15899134744e-07
-8.94016261781e-08
-8.90761183602e-08
-7.28315409253e-08
-7.12242787271e-08
-8.82847777302e-08
-1.07775017837e-07
-1.02043723708e-07
-6.82642720682e-08
-6.07590330005e-08
-7.86266090189e-08
-8.86108153585e-08
-7.18586624063e-08
-5.5490229325e-08
-5.52862335357e-08
-5.22390741929e-08
-6.39323278915e-08
-5.96694617091e-08
-3.99331472462e-08
-3.06757234335e-08
-2.21832063169e-08
-9.66073987772e-09
4.1949137477e-09
1.49067539792e-08
1.58157378074e-08
9.65498077152e-09
1.16584568924e-08
1.03975200328e-08
8.422154717e-09
9.43071336866e-09
7.64481904139e-09
1.68463463323e-08
3.52209804945e-08
3.69163479803e-08
2.92167999101e-08
3.19012787912e-08
3.5686500568e-08
3.35857450982e-08
4.99077896168e-08
9.07884855918e-08
1.28471573397e-07
1.5000123663e-07
1.64581462777e-07
1.67193680981e-07
1.98558519538e-07
2.3252681822e-07
2.35547139862e-07
2.43490545863e-07
2.80370804991e-07
3.1092194949e-07
3.07059608982e-07
3.24358668057e-07
3.71684060581e-07
4.05372760337e-07
4.2301823099e-07
4.34724205534e-07
4.6191111952e-07
5.1148819066e-07
5.34460803514e-07
5.58633899988e-07
6.00712792316e-07
6.34788190195e-07
6.39848159294e-07
6.54273017821e-07
7.0961799455e-07
7.43158320743e-07
7.75102892536e-07
8.14893507861e-07
8.24333416172e-07
8.37691676307e-07
8.76530552042e-07
9.05143086423e-07
9.41140695665e-07
9.80545130874e-07
1.00533854626e-06
1.04984689993e-06
1.10614719342e-06
1.16162978507e-06
1.22330721669e-06
1.27014250279e-06
1.32730390736e-06
1.40107199636e-06
1.45824557438e-06
1.48099817316e-06
1.50488702504e-06
1.5448873209e-06
1.59415913866e-06
1.67774326114e-06
1.75217056194e-06
1.79207039061e-06
1.78699364292e-06
1.76306105316e-06
1.78597466902e-06
1.8184644892e-06
1.81577537012e-06
1.82251052124e-06
1.82478281051e-06
1.82307178605e-06
1.85310120904e-06
1.89221365138e-06
1.92860955283e-06
1.96051229609e-06
1.98374816115e-06
2.01608863516e-06
2.06587748331e-06
2.11546804266e-06
2.12008525745e-06
2.10646542788e-06
2.09707038787e-06
2.07065760127e-06
2.08339941419e-06
2.10110464435e-06
2.13099507131e-06
2.19126343533e-06
2.20781104589e-06
2.18725321009e-06
2.17377854014e-06
2.20432501186e-06
2.22369101119e-06
2.22426015616e-06
2.2585525089e-06
2.28007204912e-06
2.28345555845e-06
2.28470288878e-06
2.26419317874e-06
2.29398643988e-06
2.35364277004e-06
2.36767816138e-06
2.38608147702e-06
2.43680364929e-06
2.4643782706e-06
2.48133090662e-06
2.48772759221e-06
2.52269965339e-06
2.56648451386e-06
2.57227683072e-06
2.60821461306e-06
2.64677895509e-06
2.64398526128e-06
2.64385460217e-06
2.64530880688e-06
2.63300604053e-06
2.65748678003e-06
2.71008456452e-06
2.76612994462e-06
2.84102417762e-06
2.90465396777e-06
2.96905700256e-06
3.02172747179e-06
3.03034501085e-06
3.01509155175e-06
3.04204157806e-06
3.08945691094e-06
3.10653065401e-06
3.14215625837e-06
3.1710402117e-06
3.19756654655e-06
3.21111705854e-06
3.18016679632e-06
3.17663077427e-06
3.17822321515e-06
3.09390041315e-06
3.01159604475e-06
2.95914177153e-06
2.98442468089e-06
3.02682076862e-06
3.06488097332e-06
3.12848726015e-06
3.17674135921e-06
3.17350233305e-06
3.13100662218e-06
3.16294170692e-06
3.17591760812e-06
3.13246977914e-06
3.11550777347e-06
3.13056859777e-06
3.17492624136e-06
3.19599888944e-06
3.19418784449e-06
3.23763430242e-06
3.299356912e-06
3.30118533476e-06
3.27667358089e-06
3.28620591946e-06
3.30459978916e-06
3.31100077121e-06
3.30617588536e-06
3.27311653537e-06
3.24938596337e-06
3.2538690983e-06
3.27160337459e-06
3.31889618775e-06
3.37037052587e-06
3.40868271653e-06
3.43847989457e-06
3.4373765513e-06
3.40013783182e-06
3.36977394806e-06
3.35837090666e-06
3.32026262573e-06
3.29643821305e-06
3.29417610268e-06
3.2366179858e-06
3.22643348613e-06
3.28931748736e-06
3.30094078573e-06
3.28882156854e-06
3.29721247745e-06
3.29361141056e-06
3.27483812832e-06
3.26025170875e-06
3.26115904522e-06
3.24269732706e-06
3.22713971033e-06
3.24184645369e-06
3.26441763805e-06
3.25293230509e-06
3.27708354264e-06
3.3282667113e-06
3.30929943387e-06
3.31411206841e-06
3.35372122771e-06
3.34209349408e-06
3.31153597928e-06
3.35267248762e-06
3.38887864717e-06
3.38753638712e-06
3.3910156811e-06
3.35671875475e-06
3.35283151944e-06
3.38725818763e-06
3.39331087196e-06
3.43584688169e-06
3.46366107468e-06
3.43331260665e-06
3.44800752474e-06
3.47604527424e-06
3.46644597709e-06
3.44677911885e-06
3.45100145583e-06
3.41650488043e-06
3.39852345895e-06
3.45422854374e-06
3.49103998441e-06
3.52014045285e-06
3.51964843029e-06
3.48265917703e-06
