-0.005886
-0.00971913763562
-0.0102524448562
-0.010928914071
-0.0117023510337
-0.0123796418759
-0.0131833889142
-0.013902638094
-0.0146444429664
-0.0153486629927
-0.016049569404
-0.0167251402278
-0.0173917230682
-0.0180398908026
-0.0186767074445
-0.0192990612319
-0.0199100413958
-0.0205092664374
-0.0210977748336
-0.0216756556282
-0.0222436152707
-0.0228016761092
-0.0233507856691
-0.0238907681032
-0.0244222872952
-0.0249459481002
-0.0254619453776
-0.025970058762
-0.026471240521
-0.0269653098229
-0.0274523872613
-0.0279329982895
-0.0284073732431
-0.0288756136493
-0.0293381646435
-0.0297948415817
-0.030246017684
-0.0306918055744
-0.0311317558174
-0.0315651124817
-0.0319923067694
-0.0324135461901
-0.0328290166701
-0.0332390813096
-0.0336436564113
-0.0340431373564
-0.0344376004258
-0.0348273665056
-0.0352123073015
-0.035592715918
-0.0359686840442
-0.0363403053823
-0.0367076328792
-0.0370709740404
-0.0374302106552
-0.0377856044542
-0.0381372212225
-0.0384851419996
-0.0388294021737
-0.0391700676481
-0.0395074050217
-0.0398412982929
-0.0401719444503
-0.0404992319841
-0.0408233759603
-0.0411444084403
-0.0414623833971
-0.0417773318739
-0.0420893168313
-0.0423985332598
-0.0427048508409
-0.0430082955665
-0.043309067665
-0.0436072243846
-0.0439026471681
-0.044195506778
-0.044485877898
-0.0447737817492
-0.0450590768041
-0.0453417974832
-0.0456219777161
-0.0458996621618
-0.0461748894593
-0.0464477908065
-0.046718268916
-0.0469865002384
-0.0472523980639
-0.0475160770279
-0.047777453212
-0.0480367080993
-0.0482938443128
-0.0485488761771
-0.0488017069214
-0.0490524949765
-0.0493012359434
-0.0495479672982
-0.0497928282062
-0.0500357283672
-0.0502767035257
-0.0505157688212
-0.0507529006611
-0.0509883087242
-0.0512218854816
-0.0514537036899
-0.0516837211712
-0.0519120312477
-0.0521386854616
-0.0523635738149
-0.0525868147741
-0.0528084568105
-0.0530284836239
-0.0532469138129
-0.0534637556449
-0.0536790135738
-0.0538927158004
-0.0541049066552
-0.0543155868518
-0.0545247602598
-0.0547324364766
-0.0549386367237
-0.0551434524683
-0.0553468298091
-0.0555487499347
-0.0557493053518
-0.0559484546924
-0.0561462418998
-0.0563426522798
-0.0565377705942
-0.0567315904179
-0.0569240934313
-0.0571153077887
-0.0573052717037
-0.0574940066558
-0.0576815129987
-0.0578677164946
-0.0580526929338
-0.0582364873437
-0.0584190767303
-0.0586005642563
-0.0587808835656
-0.0589600034967
-0.0591379743626
-0.0593148076221
-0.0594904862599
-0.0596650963592
-0.05983859524
-0.0600109668245
-0.0601822889893
-0.060352536929
-0.060521762552
-0.0606898989365
-0.0608570346043
-0.0610231134237
-0.0611881832184
-0.0613519193801
-0.0615146420792
-0.0616767420823
-0.0618378427015
-0.0619979815743
-0.0621571229377
-0.0623153103731
-0.0624725839024
-0.0626289300917
-0.0627843469425
-0.0629388439905
-0.0630924447635
-0.0632451554891
-0.0633970103092
-0.0635479792408
-0.063698053053
-0.0638472423122
-0.0639956192746
-0.0641431234828
-0.0642897594623
-0.0644356006608
-0.0645805886138
-0.0647247217807
-0.0648680819916
-0.065010610829
-0.0651523420078
-0.0652932637056
-0.0654334211152
-0.0655727608458
-0.0657113523451
-0.0658491976929
-0.0659862535019
-0.0661225475117
-0.0662581001621
-0.0663928725643
-0.0665269121011
-0.0666602634166
-0.066792879734
-0.0669247657921
-0.0670559173131
-0.0671863540678
-0.0673161070486
-0.0674451635948
-0.0675735115215
-0.0677011764797
-0.0678281865602
-0.0679544987884
-0.0680801483488
-0.0682051512918
-0.06832946058
-0.0684530958005
-0.0685761342988
-0.0686985325498
-0.0688202603851
-0.0689413622313
-0.0690619462776
-0.0691818891611
-0.0693011113528
-0.0694197374303
-0.0695377561686
-0.0696551747653
-0.0697719946565
-0.0698882091771
-0.0700038504427
-0.0701188861186
-0.0702333533145
-0.0703472790234
-0.0704605963414
-0.0705733875633
-0.0706856374846
-0.0707973083451
-0.0709084164335
-0.0710189524342
-0.0711289619981
-0.0712384465119
-0.0713473855744
-0.071455709147
-0.0715634712033
-0.0716707223584
-0.0717774926742
-0.0718837469311
-0.0719894420136
-0.0720946297631
-0.07219930918
-0.0723034747459
-0.0724071307821
-0.0725102954132
-0.0726129723063
-0.072715131329
-0.0728167906569
-0.0729179673624
-0.0730186524019
-0.0731188780833
-0.0732186135194
-0.0733178826102
-0.0734166668691
-0.073514960128
-0.0736128248505
-0.0737102404648
-0.0738071950435
-0.0739037110977
-0.0739997498552
-0.0740953316603
-0.0741904979188
-0.0742851946166
-0.0743794406396
-0.0744732700908
-0.0745666341841
-0.0746595964984
-0.0747521219223
-0.0748442174938
-0.0749358644867
-0.0750271080039
-0.0751179132938
-0.0752083123405
-0.075298301551
-0.0753878912595
-0.0754770926528
-0.0755658983546
-0.0756543010331
-0.0757422784685
-0.0758298326533
-0.0759170106459
-0.0760037873142
-0.0760901810683
-0.0761761928133
-0.0762617947536
-0.0763470154225
-0.0764318482957
-0.076516327523
-0.076600420868
-0.0766841331783
-0.076767501184
-0.0768504995983
-0.0769331245127
-0.0770153876213
-0.0770317677578
-0.0770462017009
-0.0770670928396
-0.0770979837651
-0.0771247560799
-0.0771538436593
-0.0771819166037
-0.0772163747058
-0.0772578340204
-0.0773083068551
-0.0773667153463
-0.0774339479472
-0.0775091904288
-0.07758993399
-0.0776703588008
-0.0777502820368
-0.0778294919389
-0.0779084168238
-0.0779870573036
-0.0780651391414
-0.0781428485358
-0.0782203775975
-0.0782976852224
-0.0783743698626
-0.0784507559802
-0.0785268748104
-0.0786024074114
-0.0786776460249
-0.0787526392681
-0.0788273848533
-0.0789015804905
-0.0789755343158
-0.0790492676494
-0.079122769793
-0.0791957027968
-0.0792683830042
-0.0793408378166
-0.0794130949779
-0.0794847898101
-0.0795562390578
-0.0796274718084
-0.0796985010451
-0.0797689902163
-0.0798392284195
-0.0799092491365
-0.0799790839899
-0.0800487253796
-0.080117846261
-0.0801866900736
-0.0802553257835
-0.0803237679345
-0.0803916597882
-0.0804593190085
-0.0805267980715
-0.080594070428
-0.0806611289642
-0.0807277026359
-0.0807940199011
-0.0808601254247
-0.0809260574053
-0.0809917835627
-0.0810569952054
-0.0811219677391
-0.0811867748829
-0.0812514210671
-0.0813158350732
-0.0813797531007
-0.0814434561485
-0.0815069690422
-0.0815703092384
-0.0816334617964
-0.0816964053411
-0.0817588186265
-0.0818210419207
-0.0818830860221
-0.0819449585924
-0.0820066373594
-0.0820681427725
-0.082129142943
-0.0821899194905
-0.082250524482
-0.0823109934268
-0.0823712678674
-0.0824313578205
-0.0824909451456
-0.0825503075645
-0.0826094931878
-0.0826685549669
-0.082727444368
-0.0827861445179
-0.0828443417063
-0.0829023368743
-0.0829601720012
-0.0830178551001
-0.0830753757821
-0.0831327321088
-0.0831899213125
-0.0832466186944
-0.083303091318
-0.0833593990249
-0.0834155765689
-0.0834715642807
-0.0835274046166
-0.0835831079801
-0.0836386122979
-0.0836936431977
-0.0837484653626
-0.0838031357369
-0.0838576647723
-0.0839120207383
-0.083966259334
-0.0840203246888
-0.0840742410188
-0.0841276753109
-0.0841808993055
-0.0842339624182
-0.0842868791686
-0.0843396208564
-0.0843922422361
-0.0844447346976
-0.0844970506436
-0.08454886201
-0.0846004861174
-0.0846519820815
-0.0847033590338
-0.0847545287549
-0.0848055697869
-0.0848565042744
-0.0849072739819
-0.0849578866252
-0.0850083855445
-0.0850583873306
-0.0851081850768
-0.0851578637054
-0.0852074193587
-0.0852568151533
-0.0853060904833
-0.0853552328054
-0.0854042109674
-0.0854530352271
-0.0855017262017
-0.085550295871
-0.0855983716823
-0.0856462521332
-0.085694023414
-0.0857416607719
-0.0857891645795
-0.0858365374928
-0.0858837447976
-0.0859308165664
-0.0859777809383
-0.0860246170406
-0.0860713169384
-0.0861178932672
-0.0861639745635
-0.0862098743754
-0.0862556504805
-0.086301304748
-0.0863468148052
-0.0863921942627
-0.0864374487189
-0.0864825881276
-0.0865275863093
-0.0865724628828
-0.0866172243907
-0.0866618572043
-0.0867063536105
-0.0867507437375
-0.0867946296811
-0.0868383179725
-0.0868820201024
-0.0869256066077
-0.0869689073698
-0.0870121289702
-0.0870552368775
-0.0870982425606
-0.0871411074153
-0.0871838416535
-0.0872264615093
-0.0872689655188
-0.0873113527061
-0.0873536118811
-0.087395754123
-0.0874377906442
-0.0874797224486
-0.0875210930638
-0.0875622752508
-0.0876033667703
-0.0876443802652
-0.0876852450231
-0.0877259874795
-0.0877666191563
-0.087807154166
-0.0878475801641
-0.0878879021194
-0.0879281149806
-0.087968208136
-0.0880082051055
-0.0880480942626
-0.0880878558636
-0.0881275171347
-0.0881670641408
-0.0882064832399
-0.0882458095185
-0.088285029643
-0.0883241575608
-0.0883631717875
-0.088402086805
-0.0884403517785
-0.0884784558509
-0.0885164766312
-0.0885544129749
-0.0885922245609
-0.0886299472209
-0.0886675533204
-0.0887050665152
-0.0887424852555
-0.0887797948927
-0.0888170290286
-0.0888541212534
