0
6.12730269367e-09
3.43028881167e-08
5.52606233369e-08
-3.09055699366e-08
-2.21091415348e-07
-4.26309727723e-07
-5.9172762241e-07
-7.25299768725e-07
-8.89207863852e-07
-1.10287733003e-06
-1.32530126207e-06
-1.57921697551e-06
-1.73348765425e-06
-1.78862892617e-06
-1.90834999289e-06
-2.05787549912e-06
-2.20388321697e-06
-2.33930588839e-06
-2.50286437602e-06
-2.58322637036e-06
-2.69554440624e-06
-2.95641598218e-06
-3.01560477632e-06
-2.97907269395e-06
-3.10741241938e-06
-3.23381985199e-06
-3.3871842438e-06
-3.48612122097e-06
-3.41734139411e-06
-3.37434968119e-06
-3.41559476205e-06
-3.4302479422e-06
-3.52572217458e-06
-3.69991392832e-06
-3.73086449931e-06
-3.66625245884e-06
-3.73700487611e-06
-3.8651971075e-06
-3.96930196437e-06
-4.09396938655e-06
-4.16062860878e-06
-4.12505803112e-06
-4.06933399493e-06
-4.01052969152e-06
-4.02250579542e-06
-4.02961185071e-06
-3.9447430523e-06
-3.93730825832e-06
-3.90752518505e-06
-3.92201212405e-06
-4.02032824076e-06
-4.01660564066e-06
-4.02600652113e-06
-3.97299564661e-06
-3.80472505821e-06
-3.77096428925e-06
-3.77488387175e-06
-3.75205717566e-06
-3.88815357224e-06
-4.19090375534e-06
-4.47639093941e-06
-4.65470994638e-06
-4.68262045164e-06
-4.53429762913e-06
-4.35357416023e-06
-4.42645688229e-06
-4.61840137799e-06
-4.69708365568e-06
-4.72716029991e-06
-4.69784697708e-06
-4.66882974244e-06
-4.68404826293e-06
-4.71979729311e-06
-4.76586409186e-06
-4.77189327114e-06
-4.73274754621e-06
-4.61760972781e-06
-4.51471679799e-06
-4.5785295142e-06
-4.66090288809e-06
-4.66590037544e-06
-4.65431062466e-06
-4.70228360725e-06
-4.80831115546e-06
-4.88186601945e-06
-4.92670108058e-06
-4.94193857697e-06
-4.93162985184e-06
-4.89019088126e-06
-4.82690799874e-06
-4.81471363427e-06
-4.76222243229e-06
-4.61070683156e-06
-4.53508315725e-06
-4.62301463259e-06
-4.69627148921e-06
-4.68408955844e-06
-4.58842918389e-06
-4.46436730912e-06
-4.42243949502e-06
-4.41271223443e-06
-4.32629408556e-06
-4.23904390912e-06
-4.28034032626e-06
-4.27439378541e-06
-4.40898705557e-06
-4.64291439434e-06
-4.65752141063e-06
-4.34862640268e-06
-3.87394615033e-06
-3.68310710462e-06
-3.66000398603e-06
-3.54654111801e-06
-3.35248029065e-06
-3.19071172572e-06
-3.12661301758e-06
-3.03959672042e-06
-2.92077316965e-06
-2.80910658643e-06
-2.73723356831e-06
-2.74257466315e-06
-2.75178379855e-06
-2.88346510951e-06
-2.95593788722e-06
-2.85220439744e-06
-2.97878241599e-06
-3.1595060815e-06
-3.12813110934e-06
-3.10913011048e-06
-3.08245141742e-06
-3.01016470594e-06
-3.0228551567e-06
-3.0180265705e-06
-2.99459374953e-06
-2.98554611238e-06
-2.95714896902e-06
-2.93919268683e-06
-2.88501555304e-06
-2.81608247251e-06
-2.73603228403e-06
-2.59617340079e-06
-2.52910446013e-06
-2.48530630892e-06
-2.43212877699e-06
-2.40759285249e-06
-2.42830313331e-06
-2.51819962939e-06
-2.48440350049e-06
-2.28197063227e-06
-2.12039166335e-06
-2.20258951916e-06
-2.2835088491e-06
-2.20658493421e-06
-2.17749344983e-06
-2.12686392555e-06
-2.09864262963e-06
-2.22558125528e-06
-2.36754469312e-06
-2.30717384173e-06
-2.21821425864e-06
-2.31513390428e-06
-2.3000198926e-06
-2.1656350601e-06
-2.03316147781e-06
-1.9302900974e-06
-1.85803124131e-06
-1.69118132395e-06
-1.48161812253e-06
-1.30828958032e-06
-1.32467183412e-06
-1.43676535457e-06
-1.49776455684e-06
-1.44598613121e-06
-1.35716780301e-06
-1.36000057674e-06
-1.13329367647e-06
-1.00785530959e-06
-1.11511658011e-06
-1.14823759111e-06
-1.04604393994e-06
-9.63037232841e-07
-1.10823351503e-06
-1.30905862158e-06
-1.3454722134e-06
-1.1890612089e-06
-1.03586637537e-06
-8.68608251721e-07
-7.5148353678e-07
-6.91639626128e-07
-6.16103183103e-07
-6.77031864706e-07
-8.08529928123e-07
-9.49708251314e-07
-9.37906390371e-07
-8.58828949059e-07
-8.6363167691e-07
-7.20329620765e-07
-5.76663141256e-07
-6.22281524509e-07
-7.12223836408e-07
-7.97206954437e-07
-9.61427461636e-07
-1.05879294696e-06
-1.198229181e-06
-1.29605491894e-06
-1.42396586189e-06
-1.62256656978e-06
-1.66078302022e-06
-1.62150206329e-06
-1.54221003729e-06
-1.56020069723e-06
-1.74986372238e-06
-2.00834884447e-06
-2.1612108234e-06
-2.17118649607e-06
-2.11866235594e-06
-2.12348090109e-06
-2.18335703271e-06
-2.26491501452e-06
-2.4161625518e-06
-2.40976921309e-06
-2.32492470349e-06
-2.38821100688e-06
-2.40545829435e-06
-2.41067993063e-06
-2.45045204335e-06
-2.46110624668e-06
-2.61289778844e-06
-2.82254680855e-06
-3.08081704032e-06
-3.32528022011e-06
-3.23464644293e-06
-3.00835091792e-06
-2.82657408622e-06
-2.80002296828e-06
-2.9987484446e-06
-3.187274509e-06
-3.19806802188e-06
-3.17768048575e-06
-3.31270772491e-06
-3.46422156766e-06
-3.39980854369e-06
-3.21288638159e-06
-2.95165928937e-06
-2.57428083407e-06
-2.29301612973e-06
-2.09525431348e-06
-1.92825955749e-06
-1.83282550552e-06
-1.78194540553e-06
-1.97694562818e-06
-2.13461169073e-06
-2.10470052306e-06
-2.32102526418e-06
-2.60386693799e-06
-2.73698819729e-06
-2.77797645028e-06
-2.71970487147e-06
-2.69701984231e-06
-2.65551668001e-06
-2.75579522712e-06
-2.8045023226e-06
-2.55854044344e-06
-2.32162358889e-06
-2.09382212162e-06
-2.00633207387e-06
-1.87804927452e-06
-1.65645402408e-06
-1.56114368099e-06
-1.49396344172e-06
-1.47036187779e-06
-1.59773780492e-06
-1.75461745905e-06
-1.86206270527e-06
-1.99962633592e-06
-2.17284689654e-06
-2.39673972319e-06
-2.65164356672e-06
-2.72659015297e-06
-2.50955089913e-06
-2.22512770469e-06
-1.98754669597e-06
-1.84172213711e-06
-1.73626967192e-06
-1.58777468674e-06
-1.3632590616e-06
-1.22062517279e-06
-1.10811865941e-06
-9.50854753002e-07
-9.11991028159e-07
-8.55069031728e-07
-8.12107023982e-07
-7.53783298597e-07
-7.56702560318e-07
-8.57907366637e-07
-9.70981486479e-07
-1.01548608696e-06
-9.97871884211e-07
-9.20251185485e-07
-8.07501591883e-07
-6.65132193231e-07
-4.45218093403e-07
-3.46841190827e-07
-3.34862721879e-07
-2.71018121081e-07
-3.01356618988e-07
-5.58490336448e-07
-6.98384402509e-07
-5.6464529592e-07
-4.08174583389e-07
-4.10570479496e-07
-5.57148405947e-07
-6.68961103634e-07
-6.5587980887e-07
-6.55970366183e-07
-7.12190282621e-07
-7.61464246936e-07
-7.96154889722e-07
-8.06456044116e-07
-8.44050828552e-07
-8.49775492409e-07
-8.34781848211e-07
-7.66491870664e-07
-5.86108083339e-07
-5.24241943021e-07
-5.90605937664e-07
-5.2384461081e-07
-3.7007328052e-07
-2.83172552612e-07
-2.78994983164e-07
-3.20222650564e-07
-3.83760458891e-07
-4.13866364192e-07
-4.76799263496e-07
-6.06913635343e-07
-6.55753641911e-07
-6.79466525278e-07
-6.9530054304e-07
-7.9066369512e-07
-9.44566078488e-07
-1.0585324554e-06
-1.18392976749e-06
-1.27063296299e-06
-1.28108248975e-06
-1.36211819391e-06
-1.62633442687e-06
-1.76697870106e-06
-1.7315507548e-06
-1.81052636208e-06
-1.99180361004e-06
-2.19193228443e-06
-2.35876699019e-06
-2.40341887568e-06
-2.50000666689e-06
-2.75012459287e-06
-2.99149185413e-06
-3.22557615805e-06
-3.38304010574e-06
-3.45370214616e-06
-3.43918886847e-06
-3.48235275801e-06
-3.5826669244e-06
-3.55218700352e-06
-3.52848727205e-06
-3.59025551513e-06
-3.66868009424e-06
-3.6385857284e-06
-3.58027443482e-06
-3.52033094336e-06
-3.4829986251e-06
-3.600649809e-06
-3.78496642514e-06
-3.9742445368e-06
-4.16157576687e-06
-4.38825809841e-06
-4.57706360653e-06
-4.69155482639e-06
-4.6834011329e-06
-4.77571905198e-06
-4.95609825583e-06
-5.03974564758e-06
-5.18749838892e-06
-5.18471199382e-06
-5.14598391703e-06
-5.26700790897e-06
-5.46333187085e-06
-5.69549143771e-06
-5.79039536241e-06
-5.94809234355e-06
-6.17566148738e-06
-6.25633597461e-06
-6.42791587974e-06
-6.62896732944e-06
-6.62580942634e-06
-6.6344095607e-06
-6.90787926159e-06
-7.14284584626e-06
-7.28737737221e-06
-7.3603362844e-06
-7.2951111327e-06
-7.28076270817e-06
-7.29412212413e-06
-7.45276010219e-06
-7.71923138734e-06
-7.86056354438e-06
-8.06838899637e-06
-8.34448007485e-06
-8.58215130815e-06
-8.73963792284e-06
-8.82592458563e-06
-8.96660402283e-06
-9.14620967686e-06
-9.17408679123e-06
-9.21971583929e-06
-9.41080068248e-06
-9.50085668767e-06
-9.56778622082e-06
-9.59496413285e-06
-9.49838033152e-06
-9.42058605555e-06
-9.50744513445e-06
-9.65564430707e-06
-9.78896676959e-06
-9.90418694756e-06
-1.00429905557e-05
-1.02109948827e-05
-1.03482517348e-05
-1.05549388848e-05
-1.0732244331e-05
-1.07052541297e-05
-1.06605490091e-05
-1.06532623923e-05
-1.06366259484e-05
-1.07510114472e-05
-1.09887779735e-05
-1.12545474444e-05
-1.13407729271e-05
-1.12902678672e-05
-1.1325013081e-05
-1.14009199618e-05
-1.12880615378e-05
-1.11611802564e-05
-1.11972470791e-05
-1.12113050852e-05
-1.10832601998e-05
-1.10321457828e-05
-1.10681603821e-05
-1.11398736264e-05
-1.12998673434e-05
-1.13825844431e-05
-1.14644072519e-05
-1.17871297204e-05
-1.2124076712e-05
-1.2018050902e-05
-1.17191649598e-05
-1.16162284288e-05
-1.165045874e-05
-1.17003858508e-05
-1.17596664163e-05
-1.17789519943e-05
-1.18138684185e-05
-1.19531800038e-05
-1.19683196195e-05
-1.18632935676e-05
-1.17683717809e-05
-1.1617743752e-05
-1.1543631516e-05
-1.15527384238e-05
-1.15942393641e-05
-1.16962265434e-05
-1.17918019504e-05
-1.18178372318e-05
-1.17700867017e-05
-1.16357240244e-05
-1.14572686542e-05
-1.14203471041e-05
-1.14317580823e-05
-1.14840735339e-05
-1.15046810496e-05
-1.15086083583e-05
-1.15621782662e-05
-1.15408059469e-05
-1.14950836528e-05
-1.14045817451e-05
-1.13693603748e-05
-1.14103638576e-05
-1.15601633001e-05
-1.17651648378e-05
-1.18354963815e-05
-1.1800537396e-05
-1.18497695398e-05
-1.19428433106e-05
-1.19544597703e-05
-1.19472850431e-05
-1.19083751961e-05
-1.18626298811e-05
-1.18670968677e-05
-1.18817801896e-05
-1.1958134601e-05
-1.20514827186e-05
-1.21101700986e-05
-1.2134346601e-05
-1.21269586685e-05
-1.21255504027e-05
-1.21733007623e-05
-1.2262495522e-05
-1.23046194782e-05
-1.24452830993e-05
-1.27140578815e-05
