0
8.97509931937e-10
8.3964660152e-08
2.39021752085e-07
3.41231600948e-07
3.45861487298e-07
3.948594332e-07
6.12384090334e-07
7.94332849185e-07
9.07943068654e-07
9.93494235317e-07
1.15685474396e-06
1.27938434542e-06
1.30791691517e-06
1.40324850955e-06
1.52193564343e-06
1.62265777128e-06
1.65210697979e-06
1.72267401852e-06
1.82428641611e-06
1.93275469882e-06
1.98184222019e-06
1.90451356929e-06
1.95806628845e-06
1.92348599489e-06
1.72269851879e-06
1.65526474213e-06
1.63114226052e-06
1.70455515541e-06
1.92652605238e-06
1.99731453788e-06
1.95718162621e-06
1.93031975377e-06
1.84932157091e-06
1.98344603265e-06
2.2188562904e-06
2.25672876994e-06
2.23362862322e-06
2.2453666195e-06
2.13692928494e-06
2.06860306235e-06
2.09600402529e-06
2.05929708506e-06
2.19684572386e-06
2.37147021153e-06
2.39116561027e-06
2.37322608888e-06
2.38538082929e-06
2.38907461378e-06
2.31719680152e-06
2.20219325888e-06
2.18624760504e-06
2.30730551915e-06
2.48651265389e-06
2.48607138117e-06
2.33504912052e-06
2.29000459481e-06
2.31028603847e-06
2.30947461546e-06
2.06912088953e-06
1.91141480161e-06
2.11137135069e-06
2.37496861862e-06
2.59393533738e-06
2.7734770073e-06
2.94160820077e-06
3.10968556502e-06
3.15817638687e-06
3.20247560195e-06
3.53497079851e-06
3.84884542129e-06
3.95003107263e-06
4.01470290582e-06
4.0551285494e-06
4.04308031665e-06
4.03091968701e-06
4.0222691952e-06
4.00241138011e-06
4.01124903561e-06
3.98131346426e-06
3.98262072995e-06
4.06380153619e-06
4.09143861781e-06
4.09299846062e-06
4.13394522032e-06
4.15718333105e-06
4.23294166899e-06
4.39141189319e-06
4.49691318222e-06
4.56948739318e-06
4.72551400462e-06
4.79829775788e-06
4.71799110181e-06
4.70148632657e-06
4.66433528981e-06
4.58830258452e-06
4.54943285201e-06
4.51059413193e-06
4.54232142639e-06
4.62566507574e-06
4.73051938359e-06
4.77697938589e-06
4.74779679722e-06
4.75813043522e-06
4.83265859271e-06
4.92335861319e-06
5.06774903347e-06
5.28323937805e-06
5.38604248471e-06
5.29369744181e-06
5.09618092286e-06
4.99971262132e-06
4.87537824634e-06
4.75670776946e-06
4.79153223346e-06
4.73679590083e-06
4.6387357873e-06
4.61376685541e-06
4.54336150544e-06
4.5145258325e-06
4.47591071794e-06
4.41287351839e-06
4.46578430991e-06
4.42604153876e-06
4.34892085905e-06
4.38449561896e-06
4.4225768518e-06
4.48707807549e-06
4.62410807871e-06
4.77061704807e-06
4.87391660998e-06
4.86497339267e-06
4.82449846705e-06
4.81595238046e-06
4.82866533921e-06
4.83866164148e-06
4.89586618542e-06
5.08124798583e-06
5.20369560355e-06
5.24202127237e-06
5.26747448899e-06
5.13509557513e-06
5.01309368393e-06
4.99481112448e-06
5.06547159037e-06
5.17688750844e-06
5.21463536748e-06
5.27336423383e-06
5.26501209142e-06
5.27883680615e-06
5.37757623371e-06
5.42943677401e-06
5.4266802741e-06
5.43409799272e-06
5.35157766314e-06
5.29233432191e-06
5.34936455913e-06
5.40880431536e-06
5.44124930716e-06
5.27264567555e-06
5.14012791534e-06
5.15001218047e-06
5.21554309951e-06
5.3087038722e-06
5.23142783999e-06
5.17878045001e-06
5.23157116228e-06
5.30024933426e-06
5.48198679866e-06
5.72019794741e-06
5.77727453724e-06
5.61637748377e-06
5.33549447572e-06
5.01931996796e-06
4.87020878235e-06
4.8338962246e-06
4.7774634291e-06
4.77080837241e-06
4.72415072564e-06
4.7629164011e-06
4.86983580813e-06
4.90107749971e-06
4.97651571762e-06
5.02687186659e-06
4.95940910028e-06
4.87414223626e-06
4.96189084586e-06
5.08598098565e-06
5.05401725807e-06
5.12381998926e-06
5.29826554197e-06
5.32198322149e-06
5.28921337617e-06
5.27016385116e-06
5.2244540409e-06
5.05156144506e-06
4.98268885344e-06
4.98451920013e-06
4.89168796932e-06
4.84203110482e-06
4.65785635465e-06
4.41521144377e-06
4.31479464834e-06
4.22610709038e-06
4.20467313219e-06
4.29433441983e-06
4.38746109494e-06
4.32858302649e-06
4.241840908e-06
4.21355142429e-06
4.13433755653e-06
4.06875488958e-06
4.12362535685e-06
4.17468270595e-06
4.10072255718e-06
4.24005259138e-06
4.34654643175e-06
4.24791402975e-06
4.18314410576e-06
4.12988031033e-06
4.22448931779e-06
4.36019218081e-06
4.37848544529e-06
4.3072521672e-06
4.25718941052e-06
4.19160917353e-06
4.20429205436e-06
4.31390075561e-06
4.31758423763e-06
4.20356118932e-06
4.16557433202e-06
4.26299145588e-06
4.24004719386e-06
4.04874303936e-06
3.89748380667e-06
3.70918049903e-06
3.61865088708e-06
3.71142299101e-06
3.80025703014e-06
3.89349779423e-06
3.83628971555e-06
3.81017339808e-06
3.86161982304e-06
3.87089894956e-06
4.04752780644e-06
4.2799847247e-06
4.48959874597e-06
4.7261227764e-06
4.87819028711e-06
4.76789293421e-06
4.4790408746e-06
4.28278328838e-06
4.34832937949e-06
4.40197298003e-06
4.11517953521e-06
3.93787493155e-06
4.0838123487e-06
4.27064566846e-06
4.32521865666e-06
4.2341371848e-06
4.11311229678e-06
4.06250363605e-06
4.09471802565e-06
4.1062702754e-06
4.12742906092e-06
4.25240602817e-06
4.34901537216e-06
4.50817145019e-06
4.47703984584e-06
4.25403383397e-06
4.12373126916e-06
4.0185808965e-06
4.07397853206e-06
4.15567287317e-06
4.10027443705e-06
4.1141008276e-06
4.1492780183e-06
4.09093090949e-06
3.86408964427e-06
3.61972034864e-06
3.6893883324e-06
3.7725437706e-06
3.73972769142e-06
3.80365637736e-06
3.82247273979e-06
3.72480790512e-06
3.67395636904e-06
3.69349501126e-06
3.68794053338e-06
3.73094666162e-06
3.74043889639e-06
3.74329952243e-06
3.75447061769e-06
3.82567377188e-06
3.92395210235e-06
3.90507117996e-06
3.82602848345e-06
3.85650896337e-06
3.96355706204e-06
3.9253944334e-06
3.77691705509e-06
3.6922280458e-06
3.75380300321e-06
3.80165373862e-06
3.65605566389e-06
3.53774431579e-06
3.5754473248e-06
3.62133006955e-06
3.63852733169e-06
3.6677233064e-06
3.66231679739e-06
3.56114735891e-06
3.4701645803e-06
3.41816294194e-06
3.52444191134e-06
3.5712959771e-06
3.43407987958e-06
3.36832745557e-06
3.38746525282e-06
3.47964142101e-06
3.54292677418e-06
3.57541851298e-06
3.52922467394e-06
3.55431029543e-06
3.589954242e-06
3.56232089916e-06
3.48252071286e-06
3.36880227478e-06
3.33716265148e-06
3.21856052765e-06
3.06619335384e-06
3.0253328033e-06
3.07675791847e-06
3.15439428395e-06
3.21180333019e-06
3.30686311623e-06
3.21831513207e-06
3.08537771371e-06
3.12022463422e-06
3.19253107525e-06
3.18479825893e-06
3.17964312938e-06
3.31402895065e-06
3.38179907606e-06
3.36989101702e-06
3.30458402745e-06
3.30405493104e-06
3.35177696529e-06
3.44421875155e-06
3.60467542532e-06
3.66795854082e-06
3.65960226434e-06
3.64001069477e-06
3.72797952775e-06
3.79405292655e-06
3.65433119579e-06
3.44822064203e-06
3.36967700298e-06
3.30286290787e-06
3.16066633288e-06
3.05400615879e-06
2.98223549405e-06
2.96871094638e-06
3.00302327227e-06
2.99495935874e-06
3.01766075932e-06
3.137580569e-06
3.15719146112e-06
3.12635268076e-06
3.24870459917e-06
3.25183746234e-06
3.14845200426e-06
3.11735720618e-06
3.14211750762e-06
3.1948056457e-06
3.20510688587e-06
3.18107333987e-06
3.0820804054e-06
3.02563177208e-06
3.11566500886e-06
3.17394198423e-06
3.15835376892e-06
3.14013831348e-06
3.02112909484e-06
2.94307679945e-06
2.89344955075e-06
2.79953289071e-06
2.73112448435e-06
2.64737748725e-06
2.57606641912e-06
2.43248838548e-06
2.31438361102e-06
2.25739000891e-06
2.23127148196e-06
2.30248190305e-06
2.36628785182e-06
2.46036236655e-06
2.61413091777e-06
2.59090188734e-06
2.46486027259e-06
2.42605771972e-06
2.48429117267e-06
2.50196761072e-06
2.37974725512e-06
2.26092336963e-06
2.22888708336e-06
2.23830984685e-06
2.29974616983e-06
2.21975955641e-06
2.08805447136e-06
2.07415467772e-06
2.14611759922e-06
2.38363824148e-06
2.51627362251e-06
2.59086451152e-06
2.69881578977e-06
2.83084011742e-06
2.9308519002e-06
2.89377653711e-06
2.78706809946e-06
2.74344686728e-06
2.82413827346e-06
2.90280291514e-06
2.88539771246e-06
2.79985338404e-06
2.83126109916e-06
2.95822095335e-06
3.06055319444e-06
3.13182271355e-06
3.27380085875e-06
3.45873179837e-06
3.47825874806e-06
3.41269569851e-06
3.29743229005e-06
3.16447221748e-06
3.02072063521e-06
2.91907923309e-06
2.88651242286e-06
2.78991531721e-06
2.60801529089e-06
2.49175258771e-06
2.47206005588e-06
2.47224454168e-06
2.53369641359e-06
2.58434194521e-06
2.63881167142e-06
2.72469135385e-06
2.81697636151e-06
2.82153395455e-06
2.74980684018e-06
2.67484924599e-06
2.684895288e-06
2.56030745539e-06
2.40290925253e-06
2.38070116432e-06
2.20407661612e-06
2.12149133333e-06
2.21073374807e-06
2.14432712299e-06
2.04880536714e-06
2.005438752e-06
1.79017062925e-06
1.67261374022e-06
1.75056872034e-06
1.64187174916e-06
1.36040657483e-06
1.2565308576e-06
1.27838179575e-06
1.27314915484e-06
1.22401444023e-06
1.06558647549e-06
1.01658094057e-06
1.09614803377e-06
1.11111110069e-06
9.77565565462e-07
8.43288659124e-07
7.15878255691e-07
4.40226097581e-07
1.70953965154e-07
2.20184130031e-09
7.74559495888e-09
-1.31938828502e-07
-3.85839565394e-07
-5.14816553696e-07
-6.05317806425e-07
-5.21310881729e-07
-4.82454645836e-07
-5.87764171561e-07
-4.72496524911e-07
-2.9305964201e-07
-2.87176385596e-07
-3.37396197299e-07
-3.35821219728e-07
-3.71964808858e-07
-4.93737785234e-07
-4.93088476626e-07
-4.59655379769e-07
-5.40243665738e-07
-5.70388195358e-07
-5.62527196365e-07
-7.08380786205e-07
-8.49251092577e-07
-9.17574857885e-07
-9.78273041311e-07
-9.30786101678e-07
-8.67087562115e-07
-8.46201568959e-07
-8.89698675112e-07
-1.00083113894e-06
-1.20785061653e-06
