0
3.21890360639e-09
-8.22739067736e-10
-3.227220356e-08
-8.19570985444e-08
-1.29398797596e-07
-1.43021755385e-07
-1.37520065602e-07
-1.25488405993e-07
-8.09981794008e-08
-4.1390065126e-08
-1.39663236725e-08
1.27621812047e-08
5.26406212974e-08
4.72098235437e-08
7.09308242096e-09
-1.06811386171e-08
-2.71301875716e-08
-2.01759953492e-08
-1.002202954e-08
-2.54019312185e-08
-3.73118373203e-08
-3.22089011136e-08
-2.01018455952e-08
-1.42765248134e-08
8.39816956854e-09
7.37890598258e-08
1.61968365351e-07
2.04459395187e-07
2.17827715564e-07
2.07536290183e-07
1.60142497965e-07
1.5595502292e-07
1.52671114789e-07
1.46133150715e-07
1.47032439687e-07
1.58783243767e-07
2.32123361122e-07
3.14797851085e-07
3.04840851051e-07
2.18903700506e-07
1.6688713499e-07
1.51673239132e-07
1.30249457223e-07
1.42330049423e-07
1.9637686011e-07
2.12292905541e-07
2.01866123357e-07
2.25360953426e-07
2.67999867019e-07
2.89429332651e-07
3.1050070471e-07
3.66870548954e-07
4.0523712016e-07
4.0418718665e-07
4.39672057895e-07
4.71186728967e-07
4.39578567051e-07
3.48199579853e-07
2.54507027202e-07
2.24135737008e-07
2.22930878153e-07
2.22862796061e-07
1.98778199159e-07
2.02578184209e-07
2.115064448e-07
1.72003704011e-07
1.45535476073e-07
1.51486887877e-07
1.66879236165e-07
1.37931891746e-07
6.22683943726e-08
1.98894526506e-08
2.73325342108e-08
4.80078942512e-08
7.07687311464e-08
6.93906894988e-08
7.58231649495e-08
9.53182339649e-08
8.28345259176e-08
8.59763516408e-08
1.03255006593e-07
1.10475606534e-07
1.05577460811e-07
1.03950511112e-07
1.37838430504e-07
2.02950028523e-07
2.32057205791e-07
2.1928430487e-07
2.14980095951e-07
1.74499678215e-07
1.68613360641e-07
2.50079953364e-07
3.15912821282e-07
3.64636464017e-07
4.22769482641e-07
4.12055647377e-07
3.99168517678e-07
3.98463502532e-07
3.59518736047e-07
3.33914465364e-07
3.28809868804e-07
3.45577177578e-07
3.13432539173e-07
2.62780393359e-07
2.14553786501e-07
1.57727390069e-07
1.6196490968e-07
2.16198975114e-07
2.62541038606e-07
3.21590836333e-07
4.04923265298e-07
4.40755804514e-07
4.53556043533e-07
4.7817405277e-07
4.81577899749e-07
5.19004070255e-07
5.60311907354e-07
5.45367780512e-07
5.90297640504e-07
6.67302047054e-07
6.79796487268e-07
7.16973087816e-07
8.14031667714e-07
8.44954965561e-07
8.09331019309e-07
8.18754946397e-07
8.24065986863e-07
8.04127538015e-07
8.1662077014e-07
7.9357949569e-07
7.75471922361e-07
7.49015917372e-07
6.96902962494e-07
6.65257663121e-07
5.97353378601e-07
5.67767242822e-07
5.93620556816e-07
6.21699224411e-07
6.16484997926e-07
5.88309833398e-07
6.3767724715e-07
6.59555742132e-07
6.48207420622e-07
6.46171721689e-07
6.38118289268e-07
5.99552581916e-07
5.57637951741e-07
5.13522547484e-07
4.96624991743e-07
5.54102294129e-07
5.68482278122e-07
5.8937434122e-07
6.31597683058e-07
6.51628065184e-07
6.53905468789e-07
6.34630546621e-07
5.96016747242e-07
5.85626798828e-07
5.87637055378e-07
6.15774923813e-07
6.47139030866e-07
5.9808989766e-07
5.6523964816e-07
5.79227389439e-07
5.40364944536e-07
4.77063443562e-07
4.64670485595e-07
5.1012867463e-07
5.63698243514e-07
5.93136894905e-07
6.15643394806e-07
6.20867362362e-07
6.38901813455e-07
6.35217062657e-07
6.25956409048e-07
6.27300486697e-07
5.94161553983e-07
5.12039484889e-07
4.51164253228e-07
5.16137519862e-07
5.64075231985e-07
5.8189129461e-07
6.00949699708e-07
6.10202050243e-07
6.39894874599e-07
6.52189964924e-07
7.116234066e-07
7.37640815464e-07
7.2555602692e-07
7.03952824982e-07
6.80463277464e-07
6.78264091815e-07
6.57297946065e-07
6.90708631992e-07
7.33928763675e-07
7.48525921737e-07
7.5952128204e-07
8.09619238894e-07
8.17616965498e-07
8.08093902479e-07
8.01826216655e-07
8.19322192729e-07
8.70007224059e-07
8.90639003213e-07
9.19349616211e-07
9.91405210884e-07
1.01583538684e-06
9.5525654668e-07
9.64620829184e-07
1.04410986763e-06
1.04746126249e-06
1.06781734031e-06
1.14651726256e-06
1.2530296392e-06
1.35897666877e-06
1.4821551777e-06
1.60779943241e-06
1.6093386481e-06
1.59769104626e-06
1.6000946069e-06
1.58427370089e-06
1.61081850692e-06
1.63760434224e-06
1.63346152951e-06
1.61513305664e-06
1.56527777423e-06
1.48062951669e-06
1.38396265637e-06
1.33309895402e-06
1.30221352736e-06
1.27169641641e-06
1.282384815e-06
1.32982454705e-06
1.36672933848e-06
1.46058180987e-06
1.53420809083e-06
1.52110570852e-06
1.51873481427e-06
1.50052552843e-06
1.34109965009e-06
1.24147752136e-06
1.27146873337e-06
1.24919262009e-06
1.27259902586e-06
1.33034333095e-06
1.36169561185e-06
1.40534395368e-06
1.42963016238e-06
1.46263334758e-06
1.49931543766e-06
1.5495082234e-06
1.53692974217e-06
1.48632739961e-06
1.54684352799e-06
1.56183452536e-06
1.56889989123e-06
1.62104314596e-06
1.64267353213e-06
1.69740897103e-06
1.70306894428e-06
1.71991609187e-06
1.80052337118e-06
1.87197169483e-06
1.95077566572e-06
1.95985476834e-06
1.95632575025e-06
1.96906398e-06
1.9587024018e-06
1.9248178061e-06
1.92196693474e-06
1.92828873669e-06
1.9367304505e-06
1.91975269369e-06
1.81587784758e-06
1.74831586161e-06
1.71962318214e-06
1.6714909061e-06
1.67131803827e-06
1.71881320295e-06
1.82004868019e-06
1.94907467746e-06
2.0460814144e-06
2.12951485316e-06
2.10264170024e-06
1.99513754968e-06
1.94885287342e-06
1.90608746893e-06
1.84911731142e-06
1.78818935547e-06
1.79256569913e-06
1.82680915357e-06
1.84771329737e-06
1.85361679488e-06
1.84856393719e-06
1.84359142403e-06
1.84112080479e-06
1.84647124191e-06
1.8626580535e-06
1.86152966168e-06
1.89593701739e-06
1.90393037447e-06
1.8341414561e-06
1.80007894312e-06
1.84310295678e-06
1.88159182239e-06
1.86847632304e-06
1.84931995848e-06
1.8379766992e-06
1.76255769177e-06
1.69190066089e-06
1.68371007185e-06
1.67827382195e-06
1.68427566912e-06
1.74016109946e-06
1.85172508091e-06
1.90426003807e-06
1.86755436309e-06
1.87402257652e-06
1.94702474653e-06
1.97209354857e-06
1.91240720962e-06
1.84704392048e-06
1.88043029387e-06
1.87342239521e-06
1.85843093314e-06
1.96334705754e-06
2.00981469248e-06
1.90902565906e-06
1.85822311615e-06
1.901464569e-06
1.89991100958e-06
1.89112643296e-06
1.91029821068e-06
1.94400296962e-06
1.96999519748e-06
2.00952659886e-06
2.01759409892e-06
2.02278239757e-06
2.05725672053e-06
2.07214466863e-06
2.09106490577e-06
2.11985192261e-06
2.10431122716e-06
2.06709098861e-06
2.03321885671e-06
1.97414467491e-06
1.99791093586e-06
2.04836810663e-06
2.03696425411e-06
2.06942107735e-06
2.1725862676e-06
2.20200700266e-06
2.16508241383e-06
2.20282340354e-06
2.19090554825e-06
2.11533353383e-06
2.11277037525e-06
2.09249107727e-06
2.09364009817e-06
2.1542869731e-06
2.19603767454e-06
2.2161272001e-06
2.28264332409e-06
2.36219034142e-06
2.33412155774e-06
2.28434777004e-06
2.18139573346e-06
2.04365855519e-06
2.04552366471e-06
2.04928081151e-06
2.04286234269e-06
2.09764000422e-06
2.07149658888e-06
1.99376694976e-06
1.96878249539e-06
1.91200954888e-06
1.89171630441e-06
1.9039583922e-06
1.86716845257e-06
1.89875350879e-06
1.99670019897e-06
2.07321852129e-06
2.08770368942e-06
2.09468048376e-06
2.09000945758e-06
2.09883237273e-06
2.10684831119e-06
2.02532429118e-06
1.91525350821e-06
1.80489836989e-06
1.71629387884e-06
1.64618769985e-06
1.54084920466e-06
1.43548910214e-06
1.44756090609e-06
1.5002984509e-06
1.499840288e-06
1.48960872285e-06
1.44460413275e-06
1.38453056917e-06
1.35109335021e-06
1.35879478529e-06
1.40753865948e-06
1.47053661623e-06
1.53372849985e-06
1.56861164815e-06
1.54247142149e-06
1.54685810298e-06
1.5210527952e-06
1.50707765398e-06
1.54809475016e-06
1.50241373972e-06
1.40793679148e-06
1.38621755291e-06
1.42922903894e-06
1.46399640165e-06
1.46143197409e-06
1.46985387162e-06
1.46542643365e-06
1.43318919639e-06
1.49999221994e-06
1.55293917261e-06
1.51872625034e-06
1.53242432586e-06
1.55941729406e-06
1.52570340424e-06
1.52520902052e-06
1.49452914016e-06
1.39281276333e-06
1.33326161595e-06
1.3785432358e-06
1.44490661452e-06
1.38417031701e-06
1.30367004485e-06
1.27819804314e-06
1.28286197408e-06
1.32751045167e-06
1.34387727735e-06
1.34905365729e-06
1.3766375548e-06
1.38859647992e-06
1.34685387502e-06
1.27223520552e-06
1.22439999896e-06
1.1713931154e-06
1.09519610019e-06
1.05897593365e-06
1.02324330484e-06
1.01410562679e-06
1.01686800596e-06
9.85456119358e-07
1.04875732587e-06
1.14003837953e-06
1.15734418129e-06
1.11656283083e-06
1.09039024848e-06
1.0946655319e-06
1.12554956654e-06
1.1626215059e-06
1.19962209238e-06
1.29863879244e-06
1.36300161277e-06
1.40882987188e-06
1.47239511702e-06
1.48142604384e-06
1.39358341356e-06
1.2730712941e-06
1.27580685184e-06
1.27852437442e-06
1.18859467884e-06
1.22549495255e-06
1.39551703196e-06
1.43550132697e-06
1.40851196904e-06
1.46462333701e-06
1.49142321037e-06
1.49051951436e-06
1.49214960651e-06
1.49982767771e-06
1.48314373503e-06
1.31867321234e-06
1.18444485674e-06
1.21319405215e-06
1.26597391343e-06
1.3027041273e-06
1.34893955162e-06
1.36779463949e-06
1.38544275424e-06
1.42928234488e-06
1.45031371371e-06
1.50681129747e-06
1.5791664586e-06
1.63166597095e-06
1.69174722259e-06
1.66054881976e-06
1.62690220006e-06
1.63559606728e-06
1.62493914208e-06
1.62745453035e-06
1.64440847806e-06
1.69804017955e-06
1.73305369611e-06
1.7240549663e-06
1.70383102364e-06
1.72952948746e-06
1.77341616653e-06
1.80553469354e-06
1.84014230057e-06
1.83076021449e-06
