0
-4.67073177933e-13
-5.6766574589e-13
-2.75034239102e-13
1.87557394463e-12
7.17682173463e-12
1.22597300293e-11
1.45689683176e-11
1.65128134257e-11
2.01274986371e-11
2.41188508571e-11
2.83523441861e-11
3.40031177072e-11
4.13739414542e-11
5.00184610715e-11
5.83180691981e-11
6.6006683254e-11
7.39589675765e-11
8.19724019753e-11
8.9802554311e-11
9.83453293546e-11
1.08330631095e-10
1.18527017541e-10
1.27387503823e-10
1.34994503596e-10
1.42630649187e-10
1.50791781256e-10
1.58961546534e-10
1.66672447228e-10
1.74241268631e-10
1.82075569572e-10
1.89765712727e-10
1.97521100709e-10
2.05608199943e-10
2.1345697731e-10
2.20581619722e-10
2.27195619053e-10
2.33878559833e-10
2.40676462004e-10
2.46919461298e-10
2.52461397514e-10
2.58028831488e-10
2.63871618418e-10
2.70153267598e-10
2.76830102684e-10
2.83564335452e-10
2.90676418495e-10
2.98181157167e-10
3.05945737663e-10
3.13963673743e-10
3.21778410856e-10
3.28938163608e-10
3.35497823259e-10
3.41897792436e-10
3.48158857606e-10
3.53977921064e-10
3.59457777798e-10
3.64897715437e-10
3.70703174516e-10
3.77153305797e-10
3.83904116683e-10
3.9073424127e-10
3.97558107275e-10
4.040260277e-10
4.10121854209e-10
4.1612455694e-10
4.22097274273e-10
4.28024183485e-10
4.34145167662e-10
4.40557817219e-10
4.47015764283e-10
4.53511034328e-10
4.59943730879e-10
4.66125214943e-10
4.72323516382e-10
4.78648721765e-10
4.84828625679e-10
4.90732008325e-10
4.96421848476e-10
5.02005507586e-10
5.07721240021e-10
5.13463409432e-10
5.18779515328e-10
5.23651828697e-10
5.28458294426e-10
5.33242133994e-10
5.37916072577e-10
5.42778831676e-10
5.47900235679e-10
5.52297872321e-10
5.56225032451e-10
5.61164354403e-10
5.65909074077e-10
5.69645944214e-10
5.74488379242e-10
5.80454102303e-10
5.85722629312e-10
5.9066087041e-10
5.95591597419e-10
6.00113062879e-10
6.04487756107e-10
6.08640217004e-10
6.12654450479e-10
6.16921430619e-10
6.2128725306e-10
6.25413818001e-10
6.29384651746e-10
6.33503294388e-10
6.37954231872e-10
6.4258515393e-10
6.47096435581e-10
6.51313764566e-10
6.55276433975e-10
6.59394046623e-10
6.63680761919e-10
6.67760792276e-10
6.7180904117e-10
6.7606230749e-10
6.80513411041e-10
6.8514778233e-10
6.89845281467e-10
6.94658334754e-10
6.9965325336e-10
7.04689524666e-10
7.10308777575e-10
7.16322954179e-10
7.2226639682e-10
7.28363225049e-10
7.34187810094e-10
7.40056717994e-10
7.46063768754e-10
7.52123549972e-10
7.57894202429e-10
7.62441936563e-10
7.66914319436e-10
7.72362168215e-10
7.77976168603e-10
7.83322426872e-10
7.88292237146e-10
7.92562331352e-10
7.96956547639e-10
8.01819535581e-10
8.06184749025e-10
8.10480247916e-10
8.15201159843e-10
8.1988663668e-10
8.24271023246e-10
8.28791332967e-10
8.33754830985e-10
8.38541378603e-10
8.42561498875e-10
8.4614718562e-10
8.50608752417e-10
8.55252952382e-10
8.58868880363e-10
8.62651218563e-10
8.67303451504e-10
8.71828537873e-10
8.75359280747e-10
8.78571635863e-10
8.82536214382e-10
8.87266362635e-10
8.91946608345e-10
8.95593184785e-10
8.9872043586e-10
9.02377938372e-10
9.063918694e-10
9.10415673387e-10
9.14539699102e-10
9.18612609014e-10
9.22072824967e-10
9.24845739946e-10
9.27221995148e-10
9.29073614737e-10
9.30369755343e-10
9.32303256257e-10
9.35562380659e-10
9.39183026414e-10
9.42633101976e-10
9.46240027512e-10
9.50331851824e-10
9.54766921313e-10
9.59419857418e-10
9.64148786251e-10
9.68593885336e-10
9.72877214082e-10
9.77068019631e-10
9.81151712382e-10
9.85272092408e-10
9.8970311015e-10
9.94923833229e-10
1.00080703626e-09
1.00674997736e-09
1.01243542597e-09
1.01781815572e-09
1.02277192939e-09
1.02705746906e-09
1.03103022278e-09
1.03488476601e-09
1.03819028281e-09
1.04089696054e-09
1.04326825673e-09
1.04540991033e-09
1.04750312831e-09
1.04958814382e-09
1.05129130116e-09
1.05262962052e-09
1.05396873751e-09
1.05505215299e-09
1.05574652017e-09
1.05702483542e-09
1.05890390057e-09
1.06062028509e-09
1.0625453408e-09
1.0645173698e-09
1.06588920561e-09
1.06682040439e-09
1.06762526156e-09
1.06872408021e-09
1.07025105569e-09
1.07161656491e-09
1.07232839191e-09
1.07267699531e-09
1.07335385898e-09
1.07445032353e-09
1.07590545615e-09
1.07811346164e-09
1.08129867054e-09
1.08516125064e-09
1.08931923087e-09
1.09387824816e-09
1.09907771162e-09
1.1048493557e-09
1.11103851896e-09
1.11764698817e-09
1.12456391444e-09
1.13174816756e-09
1.13909834869e-09
1.14640714963e-09
1.15383701469e-09
1.16128409553e-09
1.16830601805e-09
1.17495967229e-09
1.18165514519e-09
1.18823350694e-09
1.19443079545e-09
1.20045353048e-09
1.20644683234e-09
1.21255983751e-09
1.219077447e-09
1.2260485613e-09
1.23344453496e-09
1.24118461554e-09
1.24869752493e-09
1.25574246599e-09
1.26236931609e-09
1.26837599834e-09
1.2739614958e-09
1.27888572116e-09
1.2827673883e-09
1.28613365508e-09
1.28887859222e-09
1.29048030255e-09
1.29158699491e-09
1.29299428661e-09
1.29486483167e-09
1.29737014611e-09
1.30007115072e-09
1.3025144404e-09
1.30529219391e-09
1.30881600622e-09
1.3129502993e-09
1.31759601004e-09
1.32255184598e-09
1.3277063075e-09
1.33330519433e-09
1.33941868781e-09
1.34549818494e-09
1.35130830804e-09
1.35765680428e-09
1.36489528549e-09
1.37246126375e-09
1.37962863869e-09
1.38590080826e-09
1.39169152238e-09
1.39746876066e-09
1.40329155604e-09
1.40933437465e-09
1.41550567165e-09
1.42182879883e-09
1.42310729509e-09
1.42469071175e-09
1.42658048739e-09
1.42898079328e-09
1.43126936517e-09
1.43331363287e-09
1.43509891168e-09
1.43704397784e-09
1.43930450443e-09
1.44195640948e-09
1.44511305285e-09
1.44933139815e-09
1.45478508441e-09
1.46063172081e-09
1.46640061863e-09
1.4723813519e-09
1.47824652769e-09
1.48369903012e-09
1.48907842745e-09
1.49478625416e-09
1.50084471663e-09
1.50730011429e-09
1.51442454379e-09
1.52280506134e-09
1.53256604764e-09
1.5425529141e-09
1.55156904113e-09
1.55967037429e-09
1.56811398991e-09
1.57833671499e-09
1.58983942063e-09
1.60094572675e-09
1.61172855162e-09
1.62296705298e-09
1.63405309775e-09
1.64443437666e-09
1.65403169217e-09
1.66347433398e-09
1.67323300394e-09
1.68262759578e-09
1.69108174269e-09
1.69867626037e-09
1.70531552042e-09
1.71122339778e-09
1.71720952284e-09
1.72367490065e-09
1.73021240174e-09
1.73675983732e-09
1.74334770738e-09
1.74964186254e-09
1.75595540221e-09
1.76215760749e-09
1.76770755191e-09
1.77246357518e-09
1.77639025147e-09
1.78036032956e-09
1.78519177124e-09
1.79031229801e-09
1.79537606293e-09
1.80052391149e-09
1.80527447561e-09
1.80912992567e-09
1.81202260339e-09
1.81392653147e-09
1.8148148278e-09
1.81557069467e-09
1.81704756995e-09
1.81829956491e-09
1.81825810943e-09
1.81721660846e-09
1.81593902356e-09
1.81481480821e-09
1.81397856822e-09
1.81361106901e-09
1.81386916595e-09
1.81460301382e-09
1.81509508964e-09
1.81451966767e-09
1.81316975682e-09
1.8112408537e-09
1.80819177227e-09
1.80451265835e-09
1.80067010031e-09
1.79636066298e-09
1.79236978078e-09
1.78957611705e-09
1.78718164306e-09
1.784362587e-09
1.78120545943e-09
1.77765316301e-09
1.77400000635e-09
1.77056460964e-09
1.76705380687e-09
1.76371591785e-09
1.7603365532e-09
1.75623012001e-09
1.7515582415e-09
1.74623215655e-09
1.74035842574e-09
1.73480697449e-09
1.73001320839e-09
1.7251597331e-09
1.71874237924e-09
1.71094962715e-09
1.70346837301e-09
1.69711158555e-09
1.69175822087e-09
1.68697620936e-09
1.68219966198e-09
1.67693023977e-09
1.67109343153e-09
1.66482514102e-09
1.65782203639e-09
1.65027951696e-09
1.64302926158e-09
1.63636734209e-09
1.6295255967e-09
1.62271477075e-09
1.61602835026e-09
1.60844963478e-09
1.60051276926e-09
1.5937438112e-09
1.58896136236e-09
1.58523645271e-09
1.58055245661e-09
1.57541581353e-09
1.57149072931e-09
1.56920730501e-09
1.56830178308e-09
1.56750870323e-09
1.56572372893e-09
1.56246219165e-09
1.55875759942e-09
1.55611082128e-09
1.55405743842e-09
1.55257568202e-09
1.55198554697e-09
1.55204862963e-09
1.55312296386e-09
1.55511035079e-09
1.55753666086e-09
1.56053958917e-09
1.56409843437e-09
1.56827688267e-09
1.57370055506e-09
1.57969146672e-09
1.58463923948e-09
1.58909579364e-09
1.593439882e-09
1.59764057347e-09
1.60286425312e-09
1.60846763282e-09
1.61360601932e-09
1.61823444154e-09
1.62184526213e-09
1.62429354401e-09
1.62566026757e-09
1.62696901799e-09
1.62819666315e-09
1.6276311276e-09
1.62516124607e-09
1.6215193147e-09
1.61719285829e-09
1.61334339002e-09
1.61014310205e-09
1.6074641421e-09
1.60559307964e-09
1.60282647315e-09
1.59730532732e-09
1.59019921044e-09
1.58244935344e-09
1.57268812438e-09
1.5606678687e-09
1.54757955873e-09
1.53458634252e-09
1.52256365114e-09
1.51155327165e-09
1.50135523794e-09
1.49240519171e-09
1.48462730133e-09
1.47740367107e-09
1.47109563019e-09
1.4666170051e-09
1.46364175384e-09
1.46065694814e-09
1.45659924413e-09
1.45189649484e-09
1.44744626192e-09
1.44385010855e-09
1.44175703283e-09
1.44051041003e-09
1.43918101465e-09
1.43777956972e-09
1.43612798514e-09
1.43403111325e-09
1.43153070283e-09
1.42847418354e-09
1.42549370231e-09
1.42268054479e-09
1.41805624778e-09
1.41133437688e-09
1.4044077397e-09
1.39803933968e-09
1.39174216662e-09
1.38559945684e-09
1.38025816615e-09
1.37609052762e-09
1.37304305759e-09
1.37056859132e-09
1.36836075384e-09
1.36663358683e-09
1.36531653978e-09
1.36362629144e-09
1.36114114996e-09
1.35825178046e-09
1.35496827187e-09
1.3517444016e-09
1.34853588373e-09
1.34410366739e-09
1.33741917719e-09
