0
-2.03202921889e-12
-2.04837630684e-12
-1.40374892175e-12
-2.29680664894e-12
-4.37983122852e-12
-7.79566888764e-12
-1.32995953262e-11
-2.1069272159e-11
-3.04429938366e-11
-4.0161483485e-11
-5.00724811391e-11
-5.98701588322e-11
-6.9154185721e-11
-7.73871687759e-11
-8.62364729213e-11
-9.71854072522e-11
-1.08405494326e-10
-1.18671573886e-10
-1.28727910973e-10
-1.39387401851e-10
-1.49909081045e-10
-1.59109265627e-10
-1.68598146484e-10
-1.79648073294e-10
-1.91149568865e-10
-2.03201796771e-10
-2.15839852666e-10
-2.28153903927e-10
-2.40349983238e-10
-2.52948052393e-10
-2.65999262587e-10
-2.79393615559e-10
-2.92887348081e-10
-3.06140201548e-10
-3.18993632734e-10
-3.31755713912e-10
-3.44453630216e-10
-3.56718771686e-10
-3.68714804895e-10
-3.81377965094e-10
-3.94369848735e-10
-4.06608286033e-10
-4.19033489003e-10
-4.32103195866e-10
-4.45155153692e-10
-4.58703281455e-10
-4.7282149551e-10
-4.86714572772e-10
-5.00438977668e-10
-5.14393137484e-10
-5.28094658618e-10
-5.4069099944e-10
-5.52403984738e-10
-5.63909592462e-10
-5.7510627796e-10
-5.85660223993e-10
-5.95595758416e-10
-6.05502712956e-10
-6.16058111051e-10
-6.26954308252e-10
-6.37794248192e-10
-6.48552051029e-10
-6.59141017329e-10
-6.69710951094e-10
-6.8016122915e-10
-6.90324233784e-10
-7.00397892106e-10
-7.10565240058e-10
-7.20794526836e-10
-7.30895678607e-10
-7.40780588069e-10
-7.50488641199e-10
-7.60082642827e-10
-7.69692808242e-10
-7.79176259164e-10
-7.88472056272e-10
-7.97728927754e-10
-8.06767615445e-10
-8.15709008092e-10
-8.24793482615e-10
-8.33879508374e-10
-8.42855998736e-10
-8.51795705419e-10
-8.60897988874e-10
-8.7004820627e-10
-8.79194410597e-10
-8.88396677028e-10
-8.97285850617e-10
-9.05804102925e-10
-9.13913126451e-10
-9.21605003167e-10
-9.29206467933e-10
-9.36515654746e-10
-9.43418289056e-10
-9.50377777782e-10
-9.58078612815e-10
-9.66270336812e-10
-9.73648064698e-10
-9.8081634597e-10
-9.886817924e-10
-9.96010654278e-10
-1.00265226033e-09
-1.00892331693e-09
-1.01490879418e-09
-1.02165723262e-09
-1.02849406335e-09
-1.03456104832e-09
-1.04065486481e-09
-1.04717545463e-09
-1.05368048545e-09
-1.05992950177e-09
-1.06580262033e-09
-1.07104002223e-09
-1.07612420313e-09
-1.08155930345e-09
-1.08723589102e-09
-1.09300656653e-09
-1.09854002274e-09
-1.10361544924e-09
-1.10817615824e-09
-1.11267175423e-09
-1.11701159716e-09
-1.12070560965e-09
-1.12497857324e-09
-1.13002468958e-09
-1.13526846234e-09
-1.14035213385e-09
-1.14490989692e-09
-1.14947642659e-09
-1.15438246241e-09
-1.15922473276e-09
-1.16354640481e-09
-1.16821293784e-09
-1.17279902074e-09
-1.17696711225e-09
-1.18180843922e-09
-1.18648155359e-09
-1.19073908256e-09
-1.19509924844e-09
-1.19953840948e-09
-1.20439749185e-09
-1.20934054377e-09
-1.21368818782e-09
-1.2177263428e-09
-1.22248836798e-09
-1.22792188673e-09
-1.23324184706e-09
-1.23829505126e-09
-1.24332847825e-09
-1.24859959626e-09
-1.25398395613e-09
-1.25917454587e-09
-1.26437920339e-09
-1.27060279506e-09
-1.27738755037e-09
-1.28328634977e-09
-1.28884229714e-09
-1.29441180823e-09
-1.29947564387e-09
-1.30437234704e-09
-1.30924581936e-09
-1.31371770535e-09
-1.31819369456e-09
-1.32319342385e-09
-1.32811311238e-09
-1.33293395841e-09
-1.33872259335e-09
-1.34548676972e-09
-1.35160550629e-09
-1.35633488263e-09
-1.36077798635e-09
-1.36562471968e-09
-1.37021559367e-09
-1.37419036144e-09
-1.37865441219e-09
-1.38430659566e-09
-1.3902037278e-09
-1.39563804616e-09
-1.40086026328e-09
-1.40615885394e-09
-1.41183213598e-09
-1.41785469698e-09
-1.42369627308e-09
-1.42915102454e-09
-1.43493594391e-09
-1.4415333133e-09
-1.4481994173e-09
-1.45422795897e-09
-1.45969053425e-09
-1.46506659463e-09
-1.4706358881e-09
-1.47638641349e-09
-1.48222320627e-09
-1.48772027264e-09
-1.49328672634e-09
-1.49954729122e-09
-1.50615735792e-09
-1.51292111452e-09
-1.51995666228e-09
-1.52744635888e-09
-1.53533866574e-09
-1.54347824179e-09
-1.55155422337e-09
-1.55943665026e-09
-1.56768058318e-09
-1.57622940108e-09
-1.58468941884e-09
-1.59309000977e-09
-1.60144451592e-09
-1.60984260859e-09
-1.61823100881e-09
-1.62636597111e-09
-1.63403727662e-09
-1.64153223211e-09
-1.64916832217e-09
-1.6566303081e-09
-1.66395156422e-09
-1.67098615566e-09
-1.67810690032e-09
-1.68631395816e-09
-1.69455290063e-09
-1.70203500414e-09
-1.70976129468e-09
-1.71776373096e-09
-1.72558203293e-09
-1.7334403594e-09
-1.74126103621e-09
-1.74871450238e-09
-1.75604502812e-09
-1.76349631428e-09
-1.7709442254e-09
-1.77836455709e-09
-1.78591008001e-09
-1.7932698719e-09
-1.80013013365e-09
-1.80712884901e-09
-1.81414609466e-09
-1.82081505017e-09
-1.82740653402e-09
-1.8342211035e-09
-1.84166056927e-09
-1.8490315563e-09
-1.85627401596e-09
-1.86400436387e-09
-1.8718485208e-09
-1.87942180082e-09
-1.88667819248e-09
-1.89388580908e-09
-1.90096796598e-09
-1.90788024916e-09
-1.91465340391e-09
-1.92155005718e-09
-1.92949114306e-09
-1.9380829242e-09
-1.94673306077e-09
-1.9558970918e-09
-1.96545418417e-09
-1.97492687349e-09
-1.98367899862e-09
-1.99107956989e-09
-1.99781428555e-09
-2.00469174224e-09
-2.01061503875e-09
-2.01496844892e-09
-2.0187469659e-09
-2.02217025802e-09
-2.02521119373e-09
-2.02857400349e-09
-2.03270074189e-09
-2.03711141073e-09
-2.04068691689e-09
-2.04339133811e-09
-2.04630922049e-09
-2.04980567044e-09
-2.05315526459e-09
-2.05581011629e-09
-2.05811653666e-09
-2.06035241451e-09
-2.06276500462e-09
-2.06532782701e-09
-2.06739041569e-09
-2.06885074186e-09
-2.06994257981e-09
-2.07059950579e-09
-2.07071212064e-09
-2.07031905789e-09
-2.06968766696e-09
-2.06916486776e-09
-2.06872799067e-09
-2.06863768811e-09
-2.06854067385e-09
-2.06843330502e-09
-2.06830493769e-09
-2.06812082246e-09
-2.06772940018e-09
-2.06718709929e-09
-2.06659022972e-09
-2.06592854038e-09
-2.06505878026e-09
-2.06402546308e-09
-2.06260940045e-09
-2.05993865894e-09
-2.05548421824e-09
-2.0498268239e-09
-2.04343582872e-09
-2.03672363998e-09
-2.02932405671e-09
-2.02060270973e-09
-2.01117282938e-09
-2.00152207231e-09
-1.99096829172e-09
-1.97905602907e-09
-1.96665906869e-09
-1.95399256229e-09
-1.94002966322e-09
-1.92450849024e-09
-1.90796195269e-09
-1.8908291403e-09
-1.87291946935e-09
-1.85356102553e-09
-1.83275975248e-09
-1.81102087083e-09
-1.78796440513e-09
-1.76350166593e-09
-1.73826405218e-09
-1.71264064167e-09
-1.68563579861e-09
-1.65699945362e-09
-1.62707230557e-09
-1.5957311521e-09
-1.56341959304e-09
-1.53080688832e-09
-1.49716995732e-09
-1.46220947655e-09
-1.42598119812e-09
-1.38827336043e-09
-1.34948538914e-09
-1.30934382646e-09
-1.26723328496e-09
-1.22293941753e-09
-1.17657487265e-09
-1.12810077822e-09
-1.07760492841e-09
-1.02456373405e-09
-9.68976958494e-10
-9.12108470192e-10
-8.54337563098e-10
-7.95330528768e-10
-7.34596257575e-10
-6.71291489638e-10
-6.05251662169e-10
-5.37010571259e-10
-4.68098994039e-10
-3.99745964858e-10
-3.3141255508e-10
-2.62355968345e-10
-1.92728437112e-10
-1.23023388921e-10
-5.31457693365e-11
1.67426033863e-11
8.71735215255e-11
1.5856487053e-10
2.3139552243e-10
3.0552804949e-10
3.8071160157e-10
4.5695452248e-10
5.34762952118e-10
6.14050584627e-10
6.94366117377e-10
7.74510940483e-10
8.54219350354e-10
9.33248764008e-10
1.01201894552e-09
1.09094215254e-09
1.170763053e-09
1.25228442282e-09
1.33525460545e-09
1.41814915191e-09
1.50040181717e-09
1.58252276384e-09
1.66557992852e-09
1.7490110206e-09
1.83309601663e-09
1.91822788729e-09
2.00382686932e-09
2.08951271292e-09
2.1743524498e-09
2.25936533066e-09
2.34604650196e-09
2.43410206964e-09
2.52276263934e-09
2.61271244233e-09
2.70412252915e-09
2.79636307697e-09
2.88849072528e-09
2.98138536101e-09
3.07574017073e-09
3.17101415432e-09
3.26706182491e-09
3.36449078443e-09
3.46258294115e-09
3.5606208796e-09
3.658078033e-09
3.75533529279e-09
3.85281694168e-09
3.9517188253e-09
4.05262254791e-09
4.15593893977e-09
4.26180774985e-09
4.37003566923e-09
4.4797086016e-09
4.59050352986e-09
4.70117697474e-09
4.81206454796e-09
4.92431352336e-09
5.03774309641e-09
5.15213743326e-09
5.26771274271e-09
5.38430244499e-09
5.5016258317e-09
5.61782927914e-09
5.73340571248e-09
5.84894680849e-09
5.96298373831e-09
6.07399112788e-09
6.18254839646e-09
6.29061164753e-09
6.39990540767e-09
6.51066198793e-09
6.62326702259e-09
6.73790585245e-09
6.85251417558e-09
6.96629708448e-09
7.07988939665e-09
7.1942922561e-09
7.30814516241e-09
7.42090780034e-09
7.53363612601e-09
7.647436828e-09
7.76241840688e-09
7.87774761652e-09
7.99382825636e-09
8.11180697303e-09
8.22997964456e-09
8.34774620555e-09
8.46524458288e-09
8.5832429365e-09
8.70168520424e-09
8.82015568959e-09
8.9379479153e-09
9.05472340382e-09
9.17115429625e-09
9.28798295764e-09
9.40597583018e-09
9.52573697837e-09
9.64710561782e-09
9.76969365194e-09
9.89169628274e-09
1.00130185863e-08
1.01331413745e-08
1.02525230659e-08
1.0371026247e-08
1.04884305174e-08
1.06053719183e-08
1.07212518914e-08
1.08359298648e-08
1.09515429184e-08
1.10684780019e-08
1.11854042859e-08
1.13022644162e-08
1.14192095356e-08
1.1535757653e-08
1.16517138482e-08
1.1767427327e-08
1.18816272231e-08
1.19952297807e-08
1.21088173979e-08
1.22230595707e-08
1.23374963977e-08
1.24521556228e-08
1.25681376294e-08
1.26846853084e-08
1.28009844489e-08
1.29180635826e-08
1.30356340365e-08
1.31524637682e-08
1.32694792543e-08
1.33878527846e-08
1.35068384831e-08
1.36258617053e-08
1.37443438069e-08
1.38621554406e-08
1.398050331e-08
1.40995619482e-08
1.42194737454e-08
1.43406208075e-08
1.44617233708e-08
1.45809182698e-08
1.47008533634e-08
1.48211078389e-08
1.49408553802e-08
1.5060335399e-08
1.51792910221e-08
1.52973376468e-08
1.54160377024e-08
1.55363402846e-08
1.5657784561e-08
1.5779724379e-08
1.59010149645e-08
