-3.5316e-06
-6.91650449006e-06
-8.13388633805e-06
-9.57162217965e-06
-1.10814794123e-05
-1.273893751e-05
-1.44756897302e-05
-1.63074883712e-05
-1.81982365611e-05
-2.01583422608e-05
-2.21709870663e-05
-2.42394327807e-05
-2.63580309517e-05
-2.85252967098e-05
-3.07379717159e-05
-3.29950009511e-05
-3.5293638928e-05
-3.76351052272e-05
-4.00152242697e-05
-4.24336806382e-05
-4.48884247228e-05
-4.73775162141e-05
-4.99010227424e-05
-5.24553350244e-05
-5.50407115004e-05
-5.76575400202e-05
-6.03043974371e-05
-6.29779847061e-05
-6.56808211931e-05
-6.84097570057e-05
-7.11635875938e-05
-7.39430964922e-05
-7.67472121974e-05
-7.95749055745e-05
-8.24271301278e-05
-8.53010121579e-05
-8.81975745421e-05
-9.11159506796e-05
-9.40514064834e-05
-9.69972779038e-05
-9.99546460553e-05
-0.000102922713446
-0.000105900723256
-0.000108889844811
-0.000111887507688
-0.000114894926042
-0.000117911470819
-0.000120938389797
-0.000123973256513
-0.000127017346131
-0.000130070118864
-0.000133131055192
-0.000136199653634
-0.000139277234682
-0.000142361536629
-0.000145453899257
-0.000148553888502
-0.000151661085118
-0.000154775083057
-0.000157895488525
-0.000161023675457
-0.000164157529448
-0.000167298434809
-0.000170444310603
-0.00017359654828
-0.000176754820589
-0.000179918809396
-0.000183088205433
-0.000186262708436
-0.000189443723343
-0.000192629274587
-0.000195819085141
-0.000199014563289
-0.000202215446517
-0.000205419812126
-0.000208629073436
-0.000211842988589
-0.000215061322887
-0.000218282201775
-0.000221505403008
-0.000224730710473
-0.000227957914426
-0.000231186811517
-0.000234418810845
-0.000237652111456
-0.000240888119637
-0.000244125059294
-0.000247364333499
-0.00025060418694
-0.00025384601936
-0.000257089661455
-0.000260334946939
-0.000263580163088
-0.000266826700481
-0.000270074404329
-0.000273323123133
-0.000276574235374
-0.00027982607228
-0.000283078494088
-0.000286331364639
-0.000289584549406
-0.000292839414743
-0.000296094339104
-0.00029935068356
-0.000302606840652
-0.000305864166388
-0.000309122540013
-0.000312380378855
-0.000315639030636
-0.000318898382616
-0.00032215832441
-0.000325418747035
-0.000328679543639
-0.000331940609039
-0.000335201840301
-0.000338463137907
-0.000341724404879
-0.000344985545525
-0.000348246465687
-0.000351507073233
-0.000354768677883
-0.000358029791049
-0.000361290326024
-0.000364551582915
-0.000367812091417
-0.00037107314629
-0.000374333288856
-0.000377593809718
-0.000380854627203
-0.000384114301553
-0.000387374114971
-0.000390633989713
-0.000393893850509
-0.000397153623462
-0.00040041189578
-0.000403669935042
-0.00040692767093
-0.000410185034438
-0.000413443281281
-0.000416701020754
-0.00041995818638
-0.000423214712863
-0.000426470537247
-0.000429725597041
-0.000432981131347
-0.000436235778352
-0.000439489478805
-0.0004427434639
-0.000445996385931
-0.000449249472395
-0.000452501383919
-0.000455753342249
-0.000459004017453
-0.000462254625937
-0.000465505102472
-0.000468754120982
-0.000472002900726
-0.000475251396933
-0.000478499556308
-0.000481746077861
-0.000484992161124
-0.00048823775653
-0.000491482815607
-0.00049472728988
-0.000497971131463
-0.000501214293709
-0.000504456731113
-0.000507699623307
-0.000510941699385
-0.000514182915063
-0.000517423226445
-0.000520663804427
-0.000523903392324
-0.000527141948242
-0.000530380636559
-0.000533618210861
-0.000536854631056
-0.000540091054953
-0.000543326246554
-0.000546561358914
-0.000549795161877
-0.000553028805117
-0.000556261065009
-0.000559493086633
-0.000562724831743
-0.000565955086266
-0.000569184988829
-0.000572414501743
-0.000575642419699
-0.000578869875382
-0.000582096833842
-0.000585323260307
-0.000588549119221
-0.000591773220097
-0.000594996686111
-0.000598219484005
-0.000601441581175
-0.000604662944639
-0.000607883541951
-0.000611103342155
-0.000614322314142
-0.000617540426824
-0.000620757650524
-0.000623973955029
-0.000627189309675
-0.00063040481373
-0.000633619309801
-0.000636832769127
-0.000640045163467
-0.000643257587236
-0.000646468894087
-0.000649679054777
-0.00065288915398
-0.000656098051067
-0.000659306829661
-0.000662514353481
-0.000665720597782
-0.000668926641053
-0.000672131354222
-0.000675335812246
-0.000678539988817
-0.000681742761518
-0.000684945201087
-0.000688146191228
-0.000691346799309
-0.000694546998989
-0.000697745678453
-0.000700943900374
-0.000704141640848
-0.00070733887567
-0.000710534500226
-0.000713729568699
-0.000716924057234
-0.00072011794389
-0.000723311206728
-0.000726503822183
-0.000729695767004
-0.000732887019183
-0.000736077556683
-0.000739267357554
-0.00074245640045
-0.000745644664615
-0.00074883212882
-0.000752018771679
-0.00075520457269
-0.000758389511629
-0.000761574620767
-0.000764758826704
-0.000767942109903
-0.000771124451047
-0.000774305830381
-0.000777487273591
-0.000780667717076
-0.000783847142786
-0.000787026572699
-0.000790204947072
-0.000793382247612
-0.000796559492709
-0.000799735627985
-0.000802910635713
-0.000806085530196
-0.000809259261839
-0.000812432842354
-0.000815605225992
-0.000818777421863
-0.00082194838631
-0.000825119126133
-0.000828288601395
-0.000831457816422
-0.000834625734763
-0.000837793358832
-0.000840960671539
-0.000844126641208
-0.000847292266798
-0.000850457530576
-0.000853621403634
-0.000856784881218
-0.000859947946862
-0.000863110584024
-0.000866272776626
-0.000869433503415
-0.000872593754008
-0.000875753512435
-0.000878912763357
-0.000882071491536
-0.000885229681229
-0.000888387317608
-0.000891544386138
-0.000894700871744
-0.000897856466765
-0.00089848717342
-0.000899281435824
-0.000900208287744
-0.000901367241921
-0.000902526629589
-0.000903686437189
-0.000904846674501
-0.000906240160885
-0.000907912561909
-0.000909901611797
-0.00091220886135
-0.000914834303376
-0.000917775483382
-0.000920926444185
-0.000924080679252
-0.000927238171914
-0.000930385727802
-0.000933536482937
-0.000936690425798
-0.000939834274148
-0.000942981261088
-0.000946131375483
-0.000949284609238
-0.000952427514125
-0.000955573489672
-0.000958722524531
-0.000961861073352
-0.000965002633723
-0.000968147194872
-0.00097129474695
-0.000974431576083
-0.000977571351533
-0.000980714064105
-0.000983859704818
-0.000986994387478
-0.000990131953258
-0.00099327239269
-0.000996415697398
-0.000999547807
-0.00100268273818
-0.00100582048183
-0.00100896102968
-0.00101209014381
-0.00101522201933
-0.00101835664705
-0.00102149401906
-0.0010246341279
-0.00102776247648
-0.00103089351977
-0.00103402724828
-0.00103716365418
-0.00104028805439
-0.00104341508979
-0.00104654475235
-0.00104967703456
-0.00105281192823
-0.00105593447936
-0.00105905960167
-0.00106218728609
-0.00106531752517
-0.00106845031157
-0.00107157041136
-0.00107469301772
-0.00107781812287
-0.00108094572053
-0.00108407580312
-0.00108719284894
-0.00109031233981
-0.00109343426799
-0.00109655862651
-0.00109968540848
-0.0011028146063
-0.00110593030935
-0.00110904838816
-0.0011121688357
-0.00111529164528
-0.00111841680993
-0.00112154432265
-0.00112465786923
-0.00112777372497
-0.00113089188236
-0.0011340123356
-0.00113713507839
-0.00114026010356
-0.00114337067458
-0.00114648348909
-0.00114959853952
-0.00115271582019
-0.00115583532551
-0.00115895704867
-0.00116206381218
-0.00116517275512
-0.00116828387072
-0.00117139715311
-0.00117451259641
-0.00117763019447
-0.00118074994109
-0.00118385408593
-0.00118696034147
-0.00119006870042
-0.0011931791573
-0.00119629170612
-0.00119940634061
-0.00120252305546
-0.0012056418444
-0.00120874422832
-0.00121184864895
-0.00121495509959
-0.00121806357482
-0.00122117406881
-0.00122428657617
-0.00122740109151
-0.00123051760886
-0.00123361686648
-0.00123671808935
-0.00123982127066
-0.00124292640473
-0.00124603348565
-0.00124914250796
-0.00125225346708
-0.00125536635739
-0.00125846107078
-0.00126155767776
-0.00126465617255
-0.00126775655063
-0.00127085880603
-0.00127396293259
-0.00127706892601
-0.00128017678133
-0.00128328649265
-0.00128639805501
-0.00128949013255
-0.00129258402461
-0.0012956797253
-0.00129877723023
-0.00130187653424
-0.00130497763225
-0.00130808051965
-0.00131118519102
-0.0013142916406
-0.00131739986316
-0.00132050985406
-0.00132359872163
-0.001326689321
-0.00132978164669
-0.00133287569429
-0.00133597145899
-0.00133906893601
-0.00134216812001
-0.00134526900553
-0.00134837158821
-0.00135147586379
-0.00135458182749
-0.00135768947463
-0.00136077391949
-0.00136386001113
-0.00136694774408
-0.00137003711396
-0.00137312811599
-0.00137622074527
-0.00137931499721
-0.00138241086751
-0.00138550835159
-0.00138860744473
-0.00139170814272
-0.00139481044117
-0.00139791433534
-0.0014010198209
-0.00140409914524
-0.00140718002346
-0.00141026245231
-0.00141334642998
-0.00141643194934
-0.00141951900392
-0.0014226075903
-0.00142569770465
-0.00142878934265
-0.00143188249949
-0.00143497717082
-0.00143807335256
-0.00144117104058
-0.00144427023053
-0.00144737091806
-0.00145047309923
-0.00145357677031
-0.00145664957417
-0.00145972382756
-0.00146279952557
-0.00146587666525
-0.00146895524261
-0.0014720352529
-0.00147511669202
-0.00147819955633
-0.00148128384221
-0.00148436954594
-0.00148745666376
-0.00149054519165
-0.00149363512583
-0.00149672646272
-0.00149981919818
-0.0015029133282
-0.00150600884903
-0.00150910575641
-0.00151220404647
-0.0015153037157
-0.00151840476063
-0.00152150717765
-0.001524610963
-0.00152767414219
-0.0015307386442
-0.00153380446482
-0.00153687160112
-0.00153994004949
-0.00154300980623
-0.00154608086778
-0.00154915323051
-0.00155222689118
-0.00155530184625
-0.00155837809254
-0.00156145562627
